-344	0.0010797928289491966
-343	0.0010805289677946117
-342	0.0010812669992642007
-341	0.0010820088159821362
-340	0.0010827563105725922
-339	0.0010835113756597421
-338	0.0010842759038677593
-337	0.001085051787820817
-336	0.0010858409201430891
-335	0.0010866451934587488
-334	0.0010874665003919697
-333	0.001088306733566925
-332	0.0010891677856077883
-331	0.001090051549138733
-330	0.001090959916783933
-329	0.0010918947811675611
-328	0.0010928580349137914
-327	0.0010938515706467964
-326	0.0010948772809907508
-325	0.001095937058569827
-324	0.0010970327960081985
-323	0.00109816638593004
-322	0.0010993397209595234
-321	0.001100554693720823
-320	0.0011018131968381123
-319	0.0011031171229355643
-318	0.0011044683646373528
-317	0.0011058688145676513
-316	0.0011073203653506332
-315	0.0011088249096104714
-314	0.00111038433997134
-313	0.0011120005490574125
-312	0.001113675429492862
-311	0.001115410873901862
-310	0.001117208774908586
-309	0.001119071025137208
-308	0.0011209995172119006
-307	0.0011229961437568374
-306	0.0011250627973961925
-305	0.0011272013707541387
-304	0.0011294137564548498
-303	0.001131701847122499
-302	0.00113406753538126
-301	0.0011365127138553061
-300	0.001139039275168811
-299	0.0011416491119459477
-298	0.0011443434708671189
-297	0.0011471210148376418
-296	0.0011499797608190629
-295	0.0011529177257729281
-294	0.0011559329266607843
-293	0.0011590233804441772
-292	0.001162187104084653
-291	0.0011654221145437585
-290	0.0011687264287830396
-289	0.001172098063764043
-288	0.0011755350364483143
-287	0.0011790353637974003
-286	0.001182597062772847
-285	0.0011862181503362007
-284	0.0011898966434490082
-283	0.001193630559072815
-282	0.0011974179141691675
-281	0.0012012567256996123
-280	0.0012051450106256956
-279	0.0012090807859089637
-278	0.0012130620685109625
-277	0.0012170868753932388
-276	0.0012211532235173387
-275	0.0012252591298448083
-274	0.001229402611337194
-273	0.001233581684956042
-272	0.0012377943676628988
-271	0.0012420386764193103
-270	0.0012463126281868232
-269	0.0012506142399269834
-268	0.0012549403390832632
-267	0.0012592829950268379
-266	0.0012636330876108093
-265	0.0012679814966882778
-264	0.0012723191021123464
-263	0.001276636783736115
-262	0.0012809254214126858
-261	0.001285175894995159
-260	0.0012893790843366375
-259	0.0012935258692902216
-258	0.0012976071297090132
-257	0.0013016137454461133
-256	0.0013055365963546236
-255	0.001309366562287645
-254	0.0013130945230982786
-253	0.001316711358639627
-252	0.0013202079487647906
-251	0.001323575173326871
-250	0.0013268039121789694
-249	0.0013298850451741871
-248	0.001332809452165626
-247	0.0013355680130063869
-246	0.0013381516075495713
-245	0.0013405511156482806
-244	0.001342757417155616
-243	0.0013447613919246792
-242	0.0013465539198085714
-241	0.0013481258806603937
-240	0.001349468154333248
-239	0.0013505716206802347
-238	0.0013514305594253544
-237	0.0013520528497761987
-236	0.0013524497708112576
-235	0.0013526326016090216
-234	0.001352612621247981
-233	0.0013524011088066256
-232	0.001352009343363446
-231	0.0013514486039969318
-230	0.0013507301697855741
-229	0.001349865319807863
-228	0.001348865333142288
-227	0.0013477414888673398
-226	0.0013465050660615085
-225	0.0013451673438032844
-224	0.0013437396011711576
-223	0.0013422331172436186
-222	0.0013406591710991575
-221	0.0013390290418162643
-220	0.0013373540084734288
-219	0.0013356453501491422
-218	0.0013339143459218945
-217	0.0013321722748701752
-216	0.0013304304160724754
-215	0.0013287000486072846
-214	0.0013269924515530935
-213	0.001325318903988392
-212	0.0013236906849916704
-211	0.001322119073641419
-210	0.0013206153490161279
-209	0.0013191907901942876
-208	0.0013178558133218686
-207	0.001316617382814765
-206	0.0013154816001563507
-205	0.00131445456683
-204	0.0013135423843190878
-203	0.0013127511541069878
-202	0.0013120869776770748
-201	0.001311555956512723
-200	0.0013111641920973065
-199	0.0013109177859141996
-198	0.0013108228394467774
-197	0.0013108854541784135
-196	0.0013111117315924826
-195	0.0013115077731723586
-194	0.001312079680401416
-193	0.0013128335547630296
-192	0.001313775497740573
-191	0.0013149116108174214
-190	0.0013162479954769483
-189	0.0013177907532025282
-188	0.0013195459854775358
-187	0.0013215197937853453
-186	0.0013237182796093313
-185	0.0013261475444328675
-184	0.0013288136897393285
-183	0.0013317228170120889
-182	0.0013348810277345228
-181	0.0013382944233900043
-180	0.0013419691054619085
-179	0.001345911175433609
-178	0.001350121426959686
-177	0.0013545794223795418
-176	0.0013592594162037844
-175	0.0013641356629430213
-174	0.0013691824171078609
-173	0.0013743739332089107
-172	0.0013796844657567784
-171	0.0013850882692620723
-170	0.0013905595982354009
-169	0.0013960727071873709
-168	0.0014016018506285907
-167	0.0014071212830696683
-166	0.0014126052590212115
-165	0.0014180280329938286
-164	0.0014233638594981263
-163	0.0014285869930447137
-162	0.0014336716881441984
-161	0.0014385921993071878
-160	0.0014433227810442904
-159	0.0014478376878661135
-158	0.0014521111742832656
-157	0.0014561174948063541
-156	0.0014598309039459876
-155	0.0014632256562127732
-154	0.0014662760061173192
-153	0.0014689562081702332
-152	0.0014712405168821234
-151	0.0014731031867635976
-150	0.0014745184723252635
-149	0.0014754606280777292
-148	0.0014759155376950976
-147	0.0014759156015054487
-146	0.0014755048490003595
-145	0.0014747273096714043
-144	0.0014736270130101601
-143	0.0014722479885082014
-142	0.001470634265657105
-141	0.0014688298739484458
-140	0.0014668788428737999
-139	0.0014648252019247429
-138	0.00146271298059285
-137	0.001460586208369698
-136	0.0014584889147468616
-135	0.001456465129215917
-134	0.0014545588812684396
-133	0.001452814200396005
-132	0.0014512751160901892
-131	0.0014499856578425675
-130	0.0014489898551447158
-129	0.0014483317374882104
-128	0.001448055334364626
-127	0.0014482046752655388
-126	0.0014488237896825248
-125	0.0014499567071071587
-124	0.001451647457031017
-123	0.001453940068945675
-122	0.0014568785723427088
-121	0.0014605069967136937
-120	0.0014648693715502055
-119	0.0014700097263438201
-118	0.0014759625394088034
-117	0.001482724084350184
-116	0.0014902810835956818
-115	0.001498620259573015
-114	0.0015077283347099033
-113	0.0015175920314340653
-112	0.0015281980721732207
-111	0.0015395331793550888
-110	0.001551584075407388
-109	0.0015643374827578379
-108	0.0015777801238341582
-107	0.0015918987210640672
-106	0.0016066799968752839
-105	0.001622110673695529
-104	0.0016381774739525198
-103	0.0016548671200739761
-102	0.0016721663344876178
-101	0.0016900618396211628
-100	0.0017085403579023312
-99	0.0017275886117588419
-98	0.0017471933236184137
-97	0.0017673412159087665
-96	0.0017880190110576189
-95	0.0018092134314926902
-94	0.0018309111996416996
-93	0.0018530990379323656
-92	0.0018757636687924085
-91	0.0018988918146495468
-90	0.0019224701979314997
-89	0.0019464855410659863
-88	0.0019709353145419056
-87	0.0019958599810928758
-86	0.0020213107515136943
-85	0.00204733883659916
-84	0.002073995447144069
-83	0.0021013317939432207
-82	0.0021293990877914127
-81	0.002158248539483442
-80	0.002187931359814107
-79	0.0022184987595782056
-78	0.0022500019495705357
-77	0.002282492140585895
-76	0.002316020543419081
-75	0.002350638368864892
-74	0.0023863968277181256
-73	0.0024233471307735796
-72	0.0024615404888260516
-71	0.0025010281126703407
-70	0.0025418612131012435
-69	0.0025840910009135576
-68	0.002627768686902082
-67	0.0026729454818616135
-66	0.002719672596586951
-65	0.0027680012418728906
-64	0.0028179826285142317
-63	0.002869667967305772
-62	0.002923108469042309
-61	0.0029783553445186404
-60	0.003035459804529564
-59	0.003094473059869878
-58	0.0031554014177590465
-57	0.003218071571115197
-56	0.003282265309281126
-55	0.0033477644215996263
-54	0.0034143506974134924
-53	0.0034818059260655204
-52	0.0035499118968985045
-51	0.003618450399255239
-50	0.0036872032224785187
-49	0.003755952155911139
-48	0.003824478988895893
-47	0.003892565510775577
-46	0.003959993510892984
-45	0.004026544778590909
-44	0.0040920011032121485
-43	0.0041561442740994945
-42	0.004218756080595743
-41	0.004279618312043688
-40	0.0043385127577861265
-39	0.00439522120716585
-38	0.004449525449525656
-37	0.004501207274208336
-36	0.004550048470556687
-35	0.004595830827913502
-34	0.004638336135621578
-33	0.004677346183023708
-32	0.004712642759462685
-31	0.004744007654281307
-30	0.004771222656822366
-29	0.004794069556428659
-28	0.004812386466577202
-27	0.004826236797281908
-26	0.0048357402826909104
-25	0.004841016656952344
-24	0.004842185654214345
-23	0.004839367008625046
-22	0.004832680454332583
-21	0.00482224572548509
-20	0.004808182556230702
-19	0.004790610680717554
-18	0.0047696498330937805
-17	0.0047454197475075175
-16	0.004718040158106897
-15	0.004687630799040056
-14	0.004654311404455129
-13	0.004618201708500249
-12	0.004579421445323552
-11	0.004538090349073171
-10	0.0044943281538972445
-9	0.004448254593943905
-8	0.004399989403361286
-7	0.004349652316297524
-6	0.004297363066900754
-5	0.004243241389319108
-4	0.0041874070177007235
-3	0.004129979686193734
-2	0.0040710791289462755
-1	0.0040108250801064805
0	0.0039493372738224845
1	0.0038867354442424238
2	0.0038231375677396226
3	0.003758654589588176
4	0.0036933956972873684
5	0.0036274700783364847
6	0.0035609869202348097
7	0.0034940554104816303
8	0.0034267847365762293
9	0.003359284086017893
10	0.0032916626463059062
11	0.003224029604939555
12	0.0031564941494181225
13	0.0030891654672408958
14	0.003022152745907159
15	0.002955565172916198
16	0.002889511935767297
17	0.0028241022219597407
18	0.0027594452189928153
19	0.0026956501143658054
20	0.0026328260955779965
21	0.002571082350128673
22	0.0025105280655171205
23	0.002451272429242624
24	0.0023934246288044693
25	0.0023370938517019405
26	0.0022823892854343226
27	0.0022294201175009016
28	0.0021782955354009625
29	0.002129124726633789
30	0.002082016878698668
31	0.0020370811790948835
32	0.001994397629224475
33	0.001953929486100495
34	0.00191561082063875
35	0.0018793757037550473
36	0.0018451582063651927
37	0.0018128923993849934
38	0.001782512353730256
39	0.0017539521403167864
40	0.0017271458300603926
41	0.0017020274938768796
42	0.0016785312026820556
43	0.0016565910273917267
44	0.0016361410389216986
45	0.0016171153081877792
46	0.0015994479061057745
47	0.0015830729035914914
48	0.0015679243715607362
49	0.0015539363809293158
50	0.0015410430026130365
51	0.0015291783075277055
52	0.0015182763665891287
53	0.0015082712507131133
54	0.001499097030815466
55	0.0014906877778119933
56	0.0014829775626185012
57	0.001475900456150797
58	0.0014693905293246875
59	0.0014633818530559784
60	0.0014578084982604775
61	0.0014526045358539907
62	0.0014477136130072925
63	0.0014431176819110275
64	0.0014388082710108077
65	0.0014347769087522462
66	0.0014310151235809548
67	0.0014275144439425459
68	0.001424266398282632
69	0.0014212625150468246
70	0.001418494322680737
71	0.0014159533496299814
72	0.00141363112434017
73	0.0014115191752569144
74	0.001409609030825828
75	0.001407892219492523
76	0.0014063602697026107
77	0.0014050047099017045
78	0.0014038170685354162
79	0.0014027888740493584
80	0.0014019116548891432
81	0.001401176939500383
82	0.0014005762563286898
83	0.0014001011338196766
84	0.0013997431004189554
85	0.0013994936845721383
86	0.0013993444147248379
87	0.0013992868193226662
88	0.0013993124268112359
89	0.0013994127656361591
90	0.0013995793642430478
91	0.0013998037510775153
92	0.0014000778536145371
93	0.0014003951954465466
94	0.0014007496991953392
95	0.001401135287482713
96	0.0014015458829304641
97	0.0014019754081603891
98	0.001402417785794285
99	0.0014028669384539482
100	0.0014033167887611759
101	0.0014037612593377645
102	0.0014041942728055107
103	0.0014046097517862112
104	0.0014050016189016633
105	0.0014053637967736626
106	0.0014056902080240067
107	0.0014059747752744921
108	0.0014062114211469152
109	0.0014063940682630732
110	0.0014065166392447622
111	0.0014065730567137794
112	0.0014065572432919217
113	0.0014064631216009853
114	0.0014062846142627672
115	0.001406015643899064
116	0.0014056501331316726
117	0.0014051820045823894
118	0.0014046051808730112
119	0.001403913584625335
120	0.0014031011384611574
121	0.001402161765002275
122	0.00140109156836071
123	0.0013998953786093873
124	0.0013985802073114575
125	0.0013971530660300709
126	0.0013956209663283775
127	0.001393990919769528
128	0.001392269937916673
129	0.0013904650323329623
130	0.001388583214581547
131	0.0013866314962255768
132	0.0013846168888282029
133	0.001382546403952575
134	0.0013804270531618435
135	0.0013782658480191593
136	0.0013760698000876725
137	0.001373845920930533
138	0.0013716012221108918
139	0.0013693427151918991
140	0.0013670774117367055
141	0.0013648123233084611
142	0.0013625544614703161
143	0.0013603108377854218
144	0.0013580884638169275
145	0.0013558943511279842
146	0.0013537355112817422
147	0.0013516189558413516
148	0.001349551696369963
149	0.001347540744430727
150	0.0013455931115867938
151	0.0013437158094013137
152	0.0013419144177747977
153	0.0013401887899571992
154	0.0013385373475358333
155	0.0013369585120980134
156	0.0013354507052310539
157	0.0013340123485222686
158	0.0013326418635589725
159	0.0013313376719284796
160	0.0013300981952181034
161	0.0013289218550151592
162	0.0013278070729069605
163	0.0013267522704808218
164	0.001325755869324057
165	0.0013248162910239804
166	0.0013239319571679068
167	0.0013231012893431496
168	0.0013223227091370235
169	0.0013215946381368428
170	0.001320915497929921
171	0.0013202837101035732
172	0.001319697696245113
173	0.0013191558779418549
174	0.001318656676781113
175	0.0013181985143502016
176	0.0013177798122364348
177	0.0013173989920271271
178	0.0013170544753095923
179	0.0013167446836711448
180	0.001316468038699099
181	0.0013162229619807686
182	0.0013160078751034685
183	0.0013158211996545123
184	0.0013156613572212145
185	0.0013155267693908896
186	0.0013154158577508514
187	0.001315327043888414
188	0.001315258749390892
189	0.0013152093958455993
190	0.0013151774048398503
191	0.0013151611979609593
192	0.00131515919679624
193	0.0013151698229330075
194	0.001315191497958575
195	0.0013152226434602575
196	0.0013152616810253692
197	0.0013153070322412235
198	0.0013153571186951354
199	0.001315410361974419
200	0.0013154651836663886
