DE gemanalysis_2_m0 7.46 7 k8_c1142
1 650 73 306 113 A
2 817 58 237 30 A
3 1029 53 44 16 A
4 544 66 448 84 A
5 672 72 324 74 A
6 982 11 89 60 A
7 1102 12 23 5 A
8 1089 18 21 14 A
XX

DE gemanalysis_2_m1 8.92 4 k8_c590
1 49 473 27 41 C
2 466 38 0 86 A
3 4 0 102 483 T
4 22 27 0 541 T
5 6 34 3 547 T
6 7 0 0 583 T
7 5 580 4 0 C
8 92 36 0 462 T
XX

DE gemanalysis_2_m2 7.84 7 k8_c752
1 15 31 3 703 T
2 1 3 126 622 T
3 29 0 5 717 T
4 678 5 4 65 A
5 137 4 0 610 T
6 5 3 0 744 T
7 106 204 0 441 T
8 200 214 9 330 T
XX

DE gemanalysis_2_m3 6.32 3 k8_c1006
1 711 52 170 73 A
2 878 24 73 31 A
3 928 29 21 28 A
4 345 79 30 552 T
5 167 55 357 426 T
6 137 27 285 557 T
7 239 39 31 697 T
8 157 137 136 576 T
XX

DE gemanalysis_2_m4 8.15 1 k7_c821
1 69 60 37 655 T
2 4 8 12 797 T
3 0 767 54 0 C
4 12 94 0 714 T
5 610 105 77 30 A
6 0 775 29 17 C
7 709 44 6 62 A
XX

DE gemanalysis_2_m5 7.90 7 k9_c1040
1 73 402 58 507 T
2 51 770 30 189 C
3 152 443 29 416 C
4 81 309 23 628 T
5 67 224 7 742 T
6 54 97 14 875 T
7 15 474 7 544 T
8 6 380 8 646 T
9 5 569 6 460 C
XX

DE gemanalysis_2_m6 7.84 3 k7_c796
1 175 79 452 90 G
2 742 0 53 0 A
3 795 0 0 0 A
4 706 84 0 6 A
5 0 0 0 795 T
6 0 0 795 0 G
7 30 51 94 621 T
XX

DE gemanalysis_2_m7 5.99 6 k9_c2778
1 13 2 2 2760 T
2 70 918 0 1791 T
3 0 0 0 2777 T
4 89 741 1369 579 G
5 13 20 314 2432 T
6 2041 1 0 736 A
XX

DE gemanalysis_2_m8 7.79 8 k8_c916
1 261 33 572 50 G
2 84 0 803 29 G
3 10 199 675 32 G
4 357 292 65 202 A
5 266 88 262 300 T
6 8 83 712 113 G
7 551 51 308 6 A
8 279 61 556 19 G
XX

DE gemanalysis_2_m9 7.32 5 k7_c1503
1 1441 6 27 28 A
2 849 305 347 2 A
3 1496 0 6 0 A
4 412 333 750 7 G
5 33 1288 181 1 C
6 1384 45 33 41 A
7 290 526 661 27 G
XX

DE gemanalysis_2_m10 8.51 4 k7_c438
1 0 0 0 437 T
2 0 332 4 101 C
3 0 22 0 415 T
4 0 0 437 0 G
5 80 0 7 351 T
6 0 322 0 115 C
7 0 0 0 437 T
XX

DE gemanalysis_2_m11 6.32 4 k6_c1563
1 240 916 52 355 C
2 305 0 0 1257 T
3 0 0 1562 0 G
4 0 18 0 1544 T
5 171 0 0 1391 T
6 26 33 38 1466 T
XX

