DE gemanalysis2018_1_m0 5.31 6 k8_c1627
1 353 54 1062 158 G
2 905 59 554 109 A
3 1110 46 414 57 A
4 965 22 572 68 A
5 806 12 772 37 A
6 1445 34 88 60 A
XX

DE gemanalysis2018_1_m1 6.87 5 k7_c877
1 183 0 56 638 T
2 0 0 829 47 G
3 0 0 332 544 T
4 686 0 191 0 A
5 0 96 781 0 G
6 876 0 0 0 A
XX

DE gemanalysis2018_1_m2 5.62 6 k8_c1915
1 90 48 45 1731 T
2 74 999 52 790 C
3 100 84 41 1690 T
4 271 572 121 951 T
5 58 1653 22 182 C
6 1072 482 12 349 A
XX

DE gemanalysis2018_1_m3 7.14 -1 k7_c644
1 400 89 86 70 A
2 639 0 1 3 A
3 630 7 0 6 A
4 111 0 7 525 T
5 513 54 27 49 A
6 565 0 4 75 A
7 505 48 39 52 A
XX

DE gemanalysis2018_1_m4 7.19 2 k8_c557
1 350 111 33 63 A
2 521 3 19 14 A
3 187 5 188 177 G
4 469 2 8 77 A
5 503 4 0 49 A
6 548 2 0 7 A
7 173 84 79 221 T
8 485 14 9 49 A
XX

DE gemanalysis2018_1_m5 7.41 4 k7_c381
1 86 46 203 45 G
2 346 0 34 0 A
3 377 0 4 0 A
4 337 35 0 8 A
5 5 0 0 375 T
6 11 38 331 0 G
7 0 0 0 380 T
XX

DE gemanalysis2018_1_m6 7.27 5 k7_c725
1 0 0 0 724 T
2 1 49 62 614 T
3 0 0 0 724 T
4 504 221 0 0 A
5 0 0 0 724 T
6 56 0 19 650 T
7 30 142 68 485 T
XX

DE gemanalysis2018_1_m7 6.28 1 k6_c883
1 87 18 63 715 T
2 79 778 25 0 C
3 13 0 0 870 T
4 0 0 860 23 G
5 0 35 0 847 T
XX

DE gemanalysis2018_1_m8 6.71 6 k9_c611
1 106 28 34 443 T
2 63 25 36 486 T
3 104 80 51 375 T
4 391 39 7 174 A
5 471 40 37 63 A
6 553 18 21 19 A
7 590 11 5 6 A
XX

DE gemanalysis2018_1_m9 6.06 2 k6_c1439
1 987 117 165 171 A
2 228 4 1176 31 G
3 1022 18 377 22 A
4 1363 7 63 7 A
5 1402 12 15 10 A
6 846 249 157 188 A
XX

DE gemanalysis2018_1_m10 8.08 11 k9_c312
1 50 41 34 187 T
2 52 47 35 179 T
3 36 27 17 232 T
4 14 44 24 230 T
5 27 26 23 236 T
6 35 79 19 180 T
7 11 50 5 246 T
8 23 17 10 262 T
9 0 8 4 300 T
XX

DE gemanalysis2018_1_m11 6.83 1 k6_c1171
1 66 126 134 844 T
2 0 11 3 1157 T
3 0 0 0 1170 T
4 0 90 0 1080 T
5 210 960 0 0 C
6 52 167 5 947 T
XX

