Position	IP	Control	Fold	Expectd	Q_-lg10	P_-lg10	P_poiss	IPvsEMP	Noise	KmerGroup	MotifId	KG_score	Strand
10:74035139	 1563.5	  368.6	    4.2	    0.5	 170.85	 174.14	 999.00	  -0.26	   0.00	--------	-1	0.00	*
4:6643968	 1553.0	  658.2	    2.4	    2.5	  80.15	  82.24	 999.00	  -0.36	   0.00	--------	-1	0.00	*
10:74035620	 1338.5	   87.7	   15.3	    0.5	 283.36	 287.41	 999.00	  -0.30	   0.00	--------	-1	0.00	*
8:37557279	  968.0	  290.3	    3.3	    1.1	  82.66	  84.80	 999.00	  -0.28	   0.00	--------	-1	0.00	*
3:23961416	  771.0	  145.2	    5.3	    3.8	 100.41	 102.82	 999.00	  -0.26	   0.00	--------	-1	0.00	*
1:228286066	  707.0	  352.5	    2.0	    2.0	  26.49	  27.46	 999.00	  -0.36	   0.00	--------	-1	0.00	*
5:154194800	  684.0	  145.2	    4.7	    1.6	  81.41	  83.53	 999.00	  -0.23	   0.00	--------	-1	0.00	*
3:142775578	  681.5	  195.0	    3.5	   15.9	  61.78	  63.53	 999.00	  -0.27	   0.00	--------	-1	0.00	*
22:32353031	  654.4	  269.6	    2.4	    0.9	  35.98	  37.19	 999.00	  -0.38	   0.00	--------	-1	0.00	*
4:166264011	  643.0	   41.5	   15.5	    1.9	 135.88	 138.78	 999.00	  -0.30	   0.00	--------	-1	0.00	*
7:56131440	  616.7	  124.4	    5.0	    0.5	  76.52	  78.55	 999.00	  -0.25	   0.00	--------	-1	0.00	*
18:29710546	  613.0	   82.9	    7.4	    8.6	  97.96	 100.33	 999.00	  -0.30	   0.00	--------	-1	0.00	*
9:33039068	  581.8	  284.4	    2.0	    0.4	  22.93	  23.80	 999.00	  -0.39	   0.00	--------	-1	0.00	*
1:32662446	  560.8	  265.8	    2.1	    0.8	  23.72	  24.61	 999.00	  -0.36	   0.00	--------	-1	0.00	*
12:57057600	  550.1	  380.3	    1.4	    5.2	   7.48	   7.85	 999.00	  -0.53	   0.00	--------	-1	0.00	*
5:179156216	  535.0	  238.5	    2.2	    0.5	  25.53	  26.47	 999.00	  -0.46	   0.00	--------	-1	0.00	*
17:56081827	  502.0	   41.5	   12.1	  314.8	  21.37	 100.68	  22.19	  -0.27	   0.00	--------	-1	0.00	*
7:155100644	  499.5	  311.1	    1.6	    1.2	  10.21	  10.66	 999.00	  -0.38	   0.00	--------	-1	0.00	*
13:100638550	  489.2	    0.0	 9999.9	    0.3	 144.46	 147.50	 999.00	  -0.29	   0.00	--------	-1	0.00	*
14:54894260	  485.9	   82.9	    5.9	    0.5	  67.98	  69.86	 999.00	  -0.27	   0.00	--------	-1	0.00	*
5:179156848	  485.6	  265.7	    1.8	    0.5	  14.75	  15.36	 999.00	  -0.54	   0.00	--------	-1	0.00	*
8:37556579	  485.0	   41.5	   11.7	    1.1	  93.86	  96.16	 999.00	  -0.28	   0.00	--------	-1	0.00	*
1:91382045	  478.0	    0.0	 9999.9	    5.2	 140.91	 143.89	 999.00	  -0.30	   0.00	--------	-1	0.00	*
8:117859517	  458.4	  266.8	    1.7	    0.4	  11.79	  12.30	 999.00	  -0.53	   0.00	--------	-1	0.00	*
10:102121297	  457.0	  186.6	    2.4	   10.3	  25.65	  26.59	 999.00	  -0.27	   0.00	--------	-1	0.00	*
14:103809203	  457.0	   20.7	   22.0	    3.8	 105.06	 107.51	 999.00	  -0.27	   0.00	--------	-1	0.00	*
7:75958657	  453.8	  222.3	    2.0	    0.5	  17.95	  18.66	 999.00	  -0.39	   0.00	--------	-1	0.00	*
3:113439473	  444.8	  105.2	    4.2	    3.6	  48.45	  49.94	 999.00	  -0.30	   0.00	--------	-1	0.00	*
11:9467036	  436.7	  248.8	    1.8	    0.5	  11.95	  12.47	 999.00	  -0.50	   0.00	--------	-1	0.00	*
1:111983621	  432.8	  177.7	    2.4	    1.8	  24.15	  25.05	 999.00	  -0.35	   0.00	--------	-1	0.00	*
17:56081268	  420.7	  232.6	    1.8	  336.2	   5.06	  13.05	   5.33	  -0.46	   0.00	--------	-1	0.00	*
3:23962105	  417.0	  186.6	    2.2	    3.8	  19.93	  20.71	 999.00	  -0.36	   0.00	--------	-1	0.00	*
17:56081047	  408.3	  306.6	    1.3	  351.5	   2.66	   4.11	   2.83	  -0.52	   0.00	--------	-1	0.00	*
17:39847472	  401.8	  279.8	    1.4	    5.6	   5.48	   5.77	 999.00	  -0.57	   0.29	--------	-1	0.00	*
1:156712477	  386.5	  282.6	    1.4	   22.4	   4.24	   4.47	 322.53	  -0.42	   0.00	--------	-1	0.00	*
3:48198768	  376.2	  165.9	    2.3	   12.0	  18.73	  19.46	 999.00	  -0.42	   0.56	--------	-1	0.00	*
4:103718064	  371.0	  254.1	    1.5	    9.1	   5.41	   5.69	 999.00	  -0.35	   0.00	--------	-1	0.00	*
5:180003256	  360.0	   58.5	    6.2	    0.5	  51.78	  53.35	 999.00	  -0.28	   0.00	--------	-1	0.00	*
17:4848990	  355.0	  228.1	    1.6	    1.1	   6.65	   6.98	 999.00	  -0.55	   0.00	--------	-1	0.00	*
8:98738220	  354.7	  226.2	    1.6	   37.1	   6.87	   7.20	 211.85	  -0.35	   0.00	--------	-1	0.00	*
1:62916845	  352.2	  145.2	    2.4	    6.3	  19.64	  20.40	 999.00	  -0.43	   0.00	--------	-1	0.00	*
22:30730263	  348.2	  186.6	    1.9	    5.2	  11.42	  11.91	 999.00	  -0.37	   0.00	--------	-1	0.00	*
17:45760132	  348.0	  228.1	    1.5	    1.1	   6.07	   6.38	 999.00	  -0.26	   0.00	--------	-1	0.00	*
1:115259659	  347.3	  146.0	    2.4	    6.5	  18.68	  19.42	 999.00	  -0.36	   0.00	--------	-1	0.00	*
19:14626638	  347.1	  166.7	    2.1	    1.1	  14.65	  15.26	 999.00	  -0.43	   0.00	--------	-1	0.00	*
5:137843132	  346.7	  154.7	    2.2	    1.9	  16.84	  17.52	 999.00	  -0.44	   0.00	--------	-1	0.00	*
17:76219953	  339.3	  135.7	    2.5	    9.2	  20.00	  20.79	 999.00	  -0.40	   0.00	--------	-1	0.00	*
1:225977731	  334.0	  186.6	    1.8	    4.2	   9.78	  10.22	 999.00	  -0.55	   0.00	--------	-1	0.00	*
21:46189175	  331.0	    0.0	 9999.9	    4.6	  97.29	  99.64	 999.00	  -0.24	   0.00	--------	-1	0.00	*
18:33290008	  330.0	  156.0	    2.1	   32.9	  14.50	  15.11	 204.06	  -0.44	   0.00	--------	-1	0.00	*
5:175936525	  326.6	  140.2	    2.3	    0.5	  16.98	  17.66	 999.00	  -0.46	   0.00	--------	-1	0.00	*
2:96851991	  325.8	  157.2	    2.1	    0.4	  13.49	  14.06	 999.00	  -0.36	   0.00	--------	-1	0.00	*
19:811569	  322.0	  186.6	    1.7	   43.8	   8.54	   8.94	 159.72	  -0.35	   0.00	--------	-1	0.00	*
4:6643632	  319.8	  171.5	    1.9	    2.5	  10.45	  10.91	 999.00	  -0.17	   0.00	--------	-1	0.00	*
5:148733890	  319.0	  207.4	    1.5	    0.5	   5.82	   6.12	 999.00	  -0.40	   0.00	--------	-1	0.00	*
17:20904402	  317.0	  145.2	    2.2	   29.2	  14.57	  15.18	 205.04	  -0.40	   0.00	--------	-1	0.00	*
2:20648733	  310.0	  124.4	    2.5	   23.0	  18.23	  18.95	 228.34	  -0.39	   0.00	--------	-1	0.00	*
2:242291690	  306.4	  239.6	    1.3	   50.7	   2.46	   2.63	 130.49	  -0.55	   0.45	--------	-1	0.00	*
X:106893557	  303.0	  228.1	    1.3	    0.4	   2.93	   3.12	 999.00	  -0.46	   0.00	--------	-1	0.00	*
21:46225950	  298.7	  124.4	    2.4	    8.7	  16.45	  17.11	 999.00	  -0.40	   0.00	--------	-1	0.00	*
16:87864244	  290.0	  192.4	    1.5	   13.7	   4.96	   5.23	 265.82	  -0.34	   0.00	--------	-1	0.00	*
12:106632512	  289.0	  145.2	    2.0	    0.7	  11.01	  11.49	 999.00	  -0.40	   0.00	--------	-1	0.00	*
8:126450437	  287.0	   41.5	    6.9	    6.7	  44.19	  45.58	 999.00	  -0.28	   0.00	--------	-1	0.00	*
6:142540520	  286.0	  165.9	    1.7	    3.9	   7.77	   8.15	 999.00	  -0.39	   0.00	--------	-1	0.00	*
22:39079897	  285.2	  201.0	    1.4	    0.9	   3.86	   4.08	 999.00	  -0.52	   0.00	--------	-1	0.00	*
4:141303051	  280.0	  124.4	    2.3	   23.0	  13.75	  14.33	 194.00	  -0.30	   0.00	--------	-1	0.00	*
11:105967874	  279.0	  145.2	    1.9	    0.5	   9.82	  10.27	 999.00	  -0.54	   0.00	--------	-1	0.00	*
X:112020793	  278.3	  202.4	    1.4	  210.7	   3.31	   3.51	   5.39	  -0.48	   0.00	--------	-1	0.00	*
6:136581481	  278.0	   41.5	    6.7	   56.5	  42.07	  43.41	  97.73	  -0.30	   0.00	--------	-1	0.00	*
1:151024892	  277.2	  165.9	    1.7	   41.2	   6.88	   7.23	 129.40	  -0.42	   0.00	--------	-1	0.00	*
X:53406341	  276.0	  196.2	    1.4	    6.9	   3.65	   3.86	 999.00	  -0.41	   0.00	--------	-1	0.00	*
15:49171114	  275.7	  205.6	    1.3	    0.5	   2.90	   3.08	 999.00	  -0.57	   0.00	--------	-1	0.00	*
1:201939217	  274.8	  152.4	    1.8	    0.8	   8.32	   8.71	 999.00	  -0.60	   0.00	--------	-1	0.00	*
16:85711387	  273.2	  196.2	    1.4	    0.7	   3.44	   3.65	 999.00	  -0.46	   0.00	--------	-1	0.00	*
2:62095694	  270.0	  152.3	    1.8	    1.9	   7.78	   8.16	 999.00	  -0.62	   0.00	--------	-1	0.00	*
3:127789799	  269.9	  175.9	    1.5	    0.5	   5.04	   5.30	 999.00	  -0.36	   0.00	--------	-1	0.00	*
11:118393862	  266.0	   41.5	    6.4	    0.5	  39.26	  40.54	 999.00	  -0.30	   0.00	--------	-1	0.00	*
1:40538258	  265.0	  207.4	    1.3	   19.4	   2.15	   2.30	 195.72	  -0.36	   0.00	--------	-1	0.00	*
12:118582928	  263.4	  139.8	    1.9	    0.7	   9.04	   9.46	 999.00	  -0.39	   0.00	--------	-1	0.00	*
17:18113059	  263.0	   82.9	    3.2	    1.1	  21.68	  22.50	 999.00	  -0.27	   0.00	--------	-1	0.00	*
1:115259978	  261.7	  165.0	    1.6	    6.5	   5.42	   5.70	 311.86	  -0.38	   0.00	--------	-1	0.00	*
13:41702754	  261.3	    0.0	 9999.9	    0.3	  76.83	  78.87	 999.00	  -0.28	   0.00	--------	-1	0.00	*
3:133538904	  259.0	   82.9	    3.1	    0.5	  20.97	  21.78	 999.00	  -0.27	   0.00	--------	-1	0.00	*
X:73805668	  259.0	  103.7	    2.5	    0.4	  15.33	  15.96	 999.00	  -0.28	   0.00	--------	-1	0.00	*
5:139947917	  258.9	  103.7	    2.5	    0.8	  15.33	  15.96	 999.00	  -0.30	   0.00	--------	-1	0.00	*
3:195776190	  253.0	  145.2	    1.7	   25.9	   6.98	   7.33	 153.57	  -0.40	   0.00	--------	-1	0.00	*
14:103808188	  252.3	  103.7	    2.4	    0.6	  14.44	  15.03	 999.00	  -0.29	   0.00	--------	-1	0.00	*
1:154556757	  251.4	  158.8	    1.6	    0.8	   5.31	   5.58	 999.00	  -0.53	   0.00	--------	-1	0.00	*
18:33290425	  250.0	  196.6	    1.3	   32.9	   2.01	   2.16	 127.49	  -0.53	   0.00	--------	-1	0.00	*
15:48634528	  249.2	  154.7	    1.6	    1.2	   5.58	   5.87	 999.00	  -0.54	   0.20	--------	-1	0.00	*
12:124081778	  248.1	  186.6	    1.3	    0.7	   2.59	   2.76	 999.00	  -0.46	   0.00	--------	-1	0.00	*
18:33688742	  248.1	  124.4	    2.0	    1.6	   9.72	  10.16	 999.00	  -0.34	   0.00	--------	-1	0.00	*
5:167983604	  247.9	   82.9	    3.0	    0.5	  19.06	  19.81	 999.00	  -0.27	   0.00	--------	-1	0.00	*
4:1695218	  247.1	  179.9	    1.4	    0.3	   3.04	   3.23	 999.00	  -0.31	   0.00	--------	-1	0.00	*
15:59171918	  246.0	   20.7	   11.9	    0.5	  47.96	  49.44	 999.00	  -0.28	   0.00	--------	-1	0.00	*
9:110092601	  242.0	  128.9	    1.9	    9.6	   8.24	   8.63	 239.90	  -0.55	   0.29	--------	-1	0.00	*
12:65640718	  240.7	    0.0	 9999.9	    6.5	  70.62	  72.55	 278.46	  -0.29	   0.00	--------	-1	0.00	*
1:182352526	  240.6	   96.3	    2.5	    3.6	  14.26	  14.86	 999.00	  -0.47	   0.20	--------	-1	0.00	*
6:30568815	  239.0	  120.7	    2.0	    0.6	   9.31	   9.73	 999.00	  -0.43	   0.00	--------	-1	0.00	*
22:29182763	  234.3	  109.9	    2.1	   12.7	  10.66	  11.13	 203.03	  -0.36	   0.00	--------	-1	0.00	*
1:235330351	  232.4	  103.7	    2.2	    0.8	  11.57	  12.08	 999.00	  -0.42	   0.00	--------	-1	0.00	*
1:113456020	  232.2	  120.4	    1.9	   15.4	   8.47	   8.87	 181.78	  -0.67	   0.00	--------	-1	0.00	*
3:160151819	  231.0	  103.7	    2.2	    1.6	  11.30	  11.79	 999.00	  -0.38	   0.00	--------	-1	0.00	*
6:109688854	  229.6	  107.6	    2.1	    5.3	  10.38	  10.84	 280.43	  -0.45	   0.00	--------	-1	0.00	*
17:57771529	  229.3	  115.8	    2.0	    1.1	   8.94	   9.36	 999.00	  -0.40	   0.00	--------	-1	0.00	*
12:121677756	  228.5	    1.3	  173.0	   26.3	  63.32	  65.11	 128.80	  -0.29	   0.00	--------	-1	0.00	*
12:133303552	  228.0	    0.0	 9999.9	    0.7	  67.07	  68.94	 999.00	  -0.29	   0.00	--------	-1	0.00	*
9:123943362	  225.0	  103.7	    2.2	    0.5	  10.49	  10.96	 999.00	  -0.32	   0.00	--------	-1	0.00	*
6:7288383	  222.4	    0.0	 9999.9	   29.7	  65.29	  67.13	 112.94	  -0.28	   0.00	--------	-1	0.00	*
22:45592757	  221.6	  124.4	    1.8	    5.2	   6.64	   6.97	 269.95	  -0.53	   0.00	--------	-1	0.00	*
9:74970060	  220.0	  124.4	    1.8	    0.4	   6.43	   6.75	 999.00	  -0.31	   0.00	--------	-1	0.00	*
12:4409991	  218.3	  118.0	    1.8	    0.7	   7.18	   7.53	 999.00	  -0.46	   0.00	--------	-1	0.00	*
7:73610157	  218.0	  124.4	    1.8	   12.1	   6.22	   6.54	 185.97	  -0.56	   0.00	--------	-1	0.00	*
1:32799633	  216.5	  120.2	    1.8	   45.7	   6.67	   7.00	  73.92	  -0.70	   0.15	--------	-1	0.00	*
3:185635171	  215.5	  125.1	    1.7	    1.1	   5.89	   6.19	 999.00	  -0.55	   0.00	--------	-1	0.00	*
4:17625492	  215.1	  124.4	    1.7	    0.3	   6.01	   6.32	 999.00	  -0.72	   0.00	--------	-1	0.00	*
6:18224761	  212.5	  137.7	    1.5	    1.7	   4.20	   4.43	 999.00	  -0.72	   0.00	--------	-1	0.00	*
20:43535532	  211.6	  112.0	    1.9	    0.7	   7.46	   7.83	 999.00	  -0.77	   0.29	--------	-1	0.00	*
10:70102441	  211.4	  124.4	    1.7	    0.5	   5.62	   5.91	 999.00	  -0.42	   0.00	--------	-1	0.00	*
7:133979400	  206.8	   82.9	    2.5	    0.5	  12.42	  12.96	 999.00	  -0.46	   0.00	--------	-1	0.00	*
9:123941670	  206.6	   82.9	    2.5	    0.7	  12.42	  12.96	 999.00	  -0.40	   0.00	--------	-1	0.00	*
1:161091498	  206.0	   82.9	    2.5	    0.9	  12.28	  12.80	 999.00	  -0.36	   0.00	--------	-1	0.00	*
1:36770003	  204.8	    0.0	 9999.9	    3.9	  59.98	  61.71	 266.61	  -0.24	   0.00	--------	-1	0.00	*
4:89442493	  204.3	  114.4	    1.8	    0.3	   6.25	   6.56	 999.00	  -0.58	   0.00	--------	-1	0.00	*
2:10269768	  203.0	  124.4	    1.6	    0.4	   4.76	   5.01	 999.00	  -0.46	   0.00	--------	-1	0.00	*
14:21819984	  202.6	  110.0	    1.8	    0.5	   6.76	   7.09	 999.00	  -0.76	   0.00	--------	-1	0.00	*
11:59343468	  201.8	   82.9	    2.4	   33.5	  11.68	  12.19	  85.91	  -0.42	   0.00	--------	-1	0.00	*
22:22116945	  201.7	  103.7	    1.9	   44.8	   7.58	   7.95	  65.38	  -0.47	   0.00	--------	-1	0.00	*
1:183595514	  200.5	  132.9	    1.5	    9.0	   3.71	   3.93	 189.23	  -0.42	   0.00	--------	-1	0.00	*
1:44170138	  200.0	   82.9	    2.4	    0.8	  11.38	  11.88	 999.00	  -0.47	   0.00	--------	-1	0.00	*
3:149683725	  200.0	  124.4	    1.6	    9.9	   4.48	   4.73	 180.16	  -0.39	   0.00	--------	-1	0.00	*
1:228682047	  199.9	  124.4	    1.6	    6.3	   4.48	   4.73	 218.12	  -0.53	   0.00	--------	-1	0.00	*
X:20143631	  199.0	   82.9	    2.4	   19.1	  11.24	  11.73	 125.94	  -0.37	   0.00	--------	-1	0.00	*
16:67904980	  198.7	  142.1	    1.4	    4.2	   2.67	   2.84	 250.74	  -0.67	   0.02	--------	-1	0.00	*
17:27591460	  198.4	  103.4	    1.9	    1.1	   7.23	   7.58	 999.00	  -0.67	   0.00	--------	-1	0.00	*
17:28575263	  198.3	  118.6	    1.7	    1.1	   5.10	   5.37	 999.00	  -0.72	   0.37	--------	-1	0.00	*
12:124498250	  198.0	   82.9	    2.4	    3.7	  11.09	  11.58	 259.16	  -0.41	   0.00	--------	-1	0.00	*
20:36718948	  197.1	   98.1	    2.0	    0.7	   7.94	   8.32	 999.00	  -0.28	   0.00	--------	-1	0.00	*
17:5344544	  196.0	  124.4	    1.6	    1.1	   4.13	   4.36	 999.00	  -0.37	   0.00	--------	-1	0.00	*
1:227174835	  195.8	  133.6	    1.5	    0.8	   3.22	   3.42	 999.00	  -0.53	   0.00	--------	-1	0.00	*
14:103807698	  194.7	   82.9	    2.3	    0.7	  10.66	  11.13	 999.00	  -0.47	   0.00	--------	-1	0.00	*
9:38397639	  194.0	  103.7	    1.9	    0.4	   6.65	   6.99	 999.00	  -0.39	   0.00	--------	-1	0.00	*
21:27253838	  193.0	   82.9	    2.3	    0.4	  10.37	  10.83	 999.00	  -0.41	   0.00	--------	-1	0.00	*
20:32264256	  192.4	  107.4	    1.8	    0.7	   5.96	   6.26	 999.00	  -0.58	   0.00	--------	-1	0.00	*
6:7882307	  192.0	  136.1	    1.4	    1.0	   2.67	   2.85	 999.00	  -0.55	   0.00	--------	-1	0.00	*
3:113439878	  190.4	  122.9	    1.5	    3.6	   3.91	   4.13	 250.24	  -0.31	   0.00	--------	-1	0.00	*
X:135044709	  189.7	   82.9	    2.3	    2.4	   9.94	  10.39	 279.91	  -0.40	   0.00	--------	-1	0.00	*
17:63009717	  189.4	    0.0	 9999.9	    3.5	  55.54	  57.20	 251.20	  -0.27	   0.00	--------	-1	0.00	*
1:38147914	  188.0	   82.9	    2.3	    2.2	   9.67	  10.10	 284.57	  -0.41	   0.00	--------	-1	0.00	*
15:68584553	  188.0	   82.9	    2.3	    0.5	   9.67	  10.10	 999.00	  -0.48	   0.00	--------	-1	0.00	*
6:36078484	  187.2	  137.5	    1.4	    4.0	   2.32	   2.48	 236.40	  -0.45	   0.00	--------	-1	0.00	*
17:38458544	  187.2	   41.5	    4.5	    1.1	  21.98	  22.82	 999.00	  -0.29	   0.00	--------	-1	0.00	*
12:49085022	  184.3	  112.7	    1.6	    0.7	   4.50	   4.74	 999.00	  -0.58	   0.00	--------	-1	0.00	*
1:40538892	  183.0	   41.5	    4.4	   19.4	  20.94	  21.75	 108.76	  -0.30	   0.00	--------	-1	0.00	*
1:207967681	  182.4	  137.5	    1.3	   27.1	   2.01	   2.16	  85.52	  -0.46	   0.00	--------	-1	0.00	*
9:127639811	  182.1	   20.7	    8.8	   11.0	  31.92	  33.03	 150.23	  -0.26	   0.00	--------	-1	0.00	*
6:36078071	  182.0	   90.5	    2.0	    4.0	   7.48	   7.84	 228.05	  -0.50	   0.00	--------	-1	0.00	*
1:44170843	  181.0	   62.2	    2.9	    0.8	  13.41	  13.98	 999.00	  -0.29	   0.00	--------	-1	0.00	*
7:139246627	  181.0	    0.0	 9999.9	    0.5	  52.90	  54.49	 999.00	  -0.30	   0.00	--------	-1	0.00	*
X:53405141	  181.0	   82.9	    2.2	   20.3	   8.70	   9.11	 103.70	  -0.32	   0.00	--------	-1	0.00	*
9:134372967	  180.5	  102.5	    1.8	    2.0	   5.39	   5.67	 276.81	  -0.62	   0.00	--------	-1	0.00	*
6:159186969	  179.0	  103.7	    1.7	    0.8	   5.05	   5.31	 999.00	  -0.36	   0.00	--------	-1	0.00	*
5:128449137	  179.0	   82.9	    2.2	    0.5	   8.43	   8.83	 999.00	  -0.38	   0.00	--------	-1	0.00	*
15:69071386	  177.2	   76.8	    2.3	    0.5	   9.52	   9.95	 999.00	  -0.45	   0.00	--------	-1	0.00	*
16:18803932	  175.8	   75.9	    2.3	    1.7	   9.45	   9.88	 278.86	  -0.44	   0.00	--------	-1	0.00	*
22:41642049	  174.9	   89.1	    2.0	    0.9	   6.68	   7.01	 999.00	  -0.64	   0.00	--------	-1	0.00	*
5:179157610	  173.6	   80.9	    2.1	    0.5	   8.16	   8.54	 999.00	  -0.47	   0.00	--------	-1	0.00	*
13:77456702	  172.6	   82.9	    2.1	    5.2	   7.65	   8.02	 192.23	  -0.42	   0.00	--------	-1	0.00	*
1:205682863	  172.3	   88.8	    1.9	  139.7	   2.29	   6.93	   2.45	  -0.72	   0.00	--------	-1	0.00	*
16:30959405	  172.0	   82.9	    2.1	    0.7	   7.52	   7.89	 999.00	  -0.43	   0.54	--------	-1	0.00	*
5:135515559	  171.5	  120.8	    1.4	   84.7	   2.60	   2.77	  16.53	  -0.37	   0.00	--------	-1	0.00	*
X:133562268	  171.1	  101.9	    1.7	   66.3	   4.60	   4.85	  26.85	  -0.59	   0.37	--------	-1	0.00	*
15:66180478	  169.5	  103.7	    1.6	   25.2	   4.17	   4.40	  79.69	  -0.32	   0.00	--------	-1	0.00	*
22:30972969	  168.6	   95.3	    1.8	    0.9	   5.10	   5.37	 315.92	  -0.75	   0.00	--------	-1	0.00	*
12:124081437	  167.9	  124.4	    1.3	    0.7	   2.01	   2.15	 999.00	  -0.62	   0.00	--------	-1	0.00	*
5:175773880	  167.0	   82.7	    2.0	    0.5	   7.02	   7.36	 999.00	  -0.44	   0.00	--------	-1	0.00	*
8:22878927	  166.6	   72.3	    2.3	   57.5	   8.81	   9.22	  31.24	  -0.36	   0.00	--------	-1	0.00	*
1:244572369	  166.1	   75.5	    2.2	   12.0	   8.20	   8.59	 124.92	  -0.49	   0.00	--------	-1	0.00	*
6:34846109	  166.1	   82.9	    2.0	    0.6	   6.89	   7.23	 999.00	  -0.40	   0.00	--------	-1	0.00	*
9:91090364	  165.1	  102.0	    1.6	    0.4	   4.03	   4.26	 999.00	  -0.47	   0.00	--------	-1	0.00	*
15:81046952	  165.0	   82.9	    2.0	    0.5	   6.64	   6.98	 999.00	  -0.39	   0.00	--------	-1	0.00	*
18:44682513	  165.0	   82.9	    2.0	    1.5	   6.64	   6.98	 266.33	  -0.46	   0.00	--------	-1	0.00	*
10:96361606	  164.7	  103.7	    1.6	    0.5	   3.70	   3.92	 999.00	  -0.56	   0.00	--------	-1	0.00	*
20:21370326	  164.3	  101.1	    1.6	    0.7	   3.94	   4.16	 999.00	  -0.74	   0.00	--------	-1	0.00	*
1:93827811	  164.0	  103.7	    1.6	    1.2	   3.62	   3.83	 283.69	  -0.48	   0.00	--------	-1	0.00	*
4:140310121	  163.3	   82.9	    2.0	   12.6	   6.53	   6.85	 118.28	  -0.52	   0.31	--------	-1	0.00	*
1:171561129	  162.0	   82.9	    2.0	    0.8	   6.29	   6.60	 307.92	  -0.37	   0.00	--------	-1	0.00	*
9:139297027	  162.0	   82.9	    2.0	    8.8	   6.29	   6.60	 139.99	  -0.41	   0.77	--------	-1	0.00	*
7:36492539	  158.4	   82.2	    1.9	    0.5	   5.93	   6.23	 999.00	  -0.57	   0.00	--------	-1	0.00	*
19:9523797	  158.2	   82.9	    1.9	    1.1	   5.93	   6.23	 273.79	  -0.57	   0.00	--------	-1	0.00	*
15:73043928	  158.0	    0.0	 9999.9	    0.5	  46.12	  47.56	 999.00	  -0.30	   0.00	--------	-1	0.00	*
3:107524529	  158.0	   82.9	    1.9	    5.4	   5.81	   6.11	 166.32	  -0.58	   0.00	--------	-1	0.00	*
3:150260795	  157.8	   75.5	    2.1	   33.0	   7.01	   7.35	  54.69	  -0.44	   0.00	--------	-1	0.00	*
3:5260711	  157.7	   82.9	    1.9	    0.5	   5.81	   6.11	 323.31	  -0.55	   0.00	--------	-1	0.00	*
16:1375315	  157.6	   88.8	    1.8	   13.1	   4.91	   5.17	 109.22	  -0.53	   0.00	--------	-1	0.00	*
11:60690340	  157.3	   93.2	    1.7	    0.5	   4.24	   4.48	 322.46	  -0.44	   0.00	--------	-1	0.00	*
13:50275550	  156.0	   82.9	    1.9	    2.7	   5.58	   5.87	 208.80	  -0.56	   0.00	--------	-1	0.00	*
5:134670412	  155.9	  107.0	    1.5	    0.5	   2.65	   2.82	 999.00	  -0.62	   0.00	--------	-1	0.00	*
2:204292872	  155.6	   82.9	    1.9	   17.0	   5.58	   5.87	  91.38	  -0.46	   0.00	--------	-1	0.00	*
1:151220990	  154.3	  111.4	    1.4	   21.7	   2.15	   2.30	  75.90	  -0.62	   0.25	--------	-1	0.00	*
17:7572324	  154.0	  110.5	    1.4	    1.1	   2.23	   2.38	 264.79	  -0.54	   0.00	--------	-1	0.00	*
9:134374874	  154.0	   62.2	    2.5	    2.0	   9.13	   9.55	 225.03	  -0.31	   0.00	--------	-1	0.00	*
14:100800974	  153.0	   62.2	    2.5	    0.5	   8.98	   9.40	 316.75	  -0.38	   0.00	--------	-1	0.00	*
21:15745765	  152.7	   82.9	    1.8	    0.4	   5.24	   5.52	 999.00	  -0.52	   0.00	--------	-1	0.00	*
11:8125507	  151.5	   82.9	    1.8	    8.5	   5.13	   5.40	 129.24	  -0.36	   0.00	--------	-1	0.00	*
17:46699156	  151.5	   72.4	    2.1	    9.5	   6.79	   7.12	 122.49	  -0.48	   0.00	--------	-1	0.00	*
7:150070954	  150.6	   82.9	    1.8	    0.5	   5.02	   5.28	 310.19	  -0.41	   0.00	--------	-1	0.00	*
17:73131582	  150.3	   82.9	    1.8	    1.1	   5.02	   5.28	 256.29	  -0.44	   0.00	--------	-1	0.00	*
18:23596342	  149.0	   79.7	    1.9	    0.3	   5.24	   5.52	 999.00	  -0.68	   0.00	--------	-1	0.00	*
5:917582	  149.0	  103.7	    1.4	    0.5	   2.39	   2.56	 309.32	  -0.55	   0.00	--------	-1	0.00	*
1:86118525	  148.0	   62.2	    2.4	    0.8	   8.25	   8.64	 275.64	  -0.38	   0.00	--------	-1	0.00	*
2:89049941	  146.8	   81.3	    1.8	    0.4	   4.73	   4.98	 308.86	  -0.52	   0.00	--------	-1	0.00	*
13:29252308	  146.6	   82.9	    1.8	    0.3	   4.58	   4.83	 999.00	  -0.61	   0.00	--------	-1	0.00	*
11:20530127	  146.0	   82.9	    1.8	    0.5	   4.48	   4.72	 293.09	  -0.59	   0.00	--------	-1	0.00	*
13:73329524	  146.0	   82.9	    1.8	    1.1	   4.48	   4.72	 251.03	  -0.52	   0.00	--------	-1	0.00	*
20:57609006	  145.6	   82.9	    1.8	    4.8	   4.48	   4.72	 156.46	  -0.46	   0.00	--------	-1	0.00	*
17:63010191	  145.6	   82.9	    1.8	    5.3	   4.48	   4.72	 150.24	  -0.63	   0.00	--------	-1	0.00	*
14:50362797	  145.0	   79.9	    1.8	    0.5	   4.91	   5.17	 299.35	  -0.27	   0.00	--------	-1	0.00	*
4:177252492	  145.0	   41.5	    3.5	    1.6	  13.48	  14.04	 222.34	  -0.27	   0.00	--------	-1	0.00	*
10:75010557	  145.0	   97.8	    1.5	    3.2	   2.64	   2.81	 180.25	  -0.63	   0.03	--------	-1	0.00	*
1:200375614	  144.4	   68.4	    2.1	    0.8	   6.62	   6.95	 268.79	  -0.50	   0.00	--------	-1	0.00	*
12:50158072	  144.4	   86.5	    1.7	    0.7	   3.85	   4.07	 273.39	  -0.73	   0.00	--------	-1	0.00	*
11:58388021	  143.6	   82.9	    1.7	    0.5	   4.27	   4.51	 288.24	  -0.46	   0.00	--------	-1	0.00	*
12:4413113	  143.5	   82.5	    1.7	    0.7	   4.27	   4.51	 271.08	  -0.42	   0.00	--------	-1	0.00	*
11:13751503	  143.3	   82.9	    1.7	    0.5	   4.27	   4.51	 288.24	  -0.49	   0.00	--------	-1	0.00	*
4:76569173	  143.0	   74.6	    1.9	  109.4	   2.87	   5.74	   3.06	  -0.55	   0.31	--------	-1	0.00	*
17:76103274	  142.9	    0.0	 9999.9	    1.1	  41.71	  43.05	 239.43	  -0.28	   0.00	--------	-1	0.00	*
17:7138734	  142.4	   82.2	    1.7	    1.1	   4.17	   4.40	 239.43	  -0.70	   0.00	--------	-1	0.00	*
7:19737138	  142.0	   72.6	    2.0	    0.5	   5.67	   5.96	 290.45	  -0.61	   0.20	--------	-1	0.00	*
1:150938518	  142.0	   62.2	    2.3	   18.1	   7.40	   7.76	  74.67	  -0.43	   0.00	--------	-1	0.00	*
18:56995771	  142.0	   82.9	    1.7	   52.0	   4.06	   4.29	  24.37	  -0.62	   0.00	--------	-1	0.00	*
5:153436318	  141.6	   82.9	    1.7	    0.5	   4.06	   4.29	 291.89	  -0.37	   0.00	--------	-1	0.00	*
5:139625003	  140.7	   82.0	    1.7	    0.5	   4.10	   4.33	 289.41	  -0.59	   0.00	--------	-1	0.00	*
4:57259621	  140.6	   77.4	    1.8	    0.3	   4.65	   4.91	 309.12	  -0.66	   0.25	--------	-1	0.00	*
12:98941969	  139.4	   76.7	    1.8	    0.7	   4.69	   4.95	 261.88	  -0.61	   0.00	--------	-1	0.00	*
6:79649500	  139.0	   82.9	    1.7	    2.5	   3.76	   3.98	 185.61	  -0.42	   0.00	--------	-1	0.00	*
3:57546982	  138.8	   82.9	    1.7	    3.7	   3.76	   3.98	 161.94	  -0.57	   0.00	--------	-1	0.00	*
X:9684595	  138.1	   81.8	    1.7	    1.6	   3.90	   4.12	 210.27	  -0.59	   0.00	--------	-1	0.00	*
12:122499715	  138.0	   82.9	    1.7	    1.5	   3.67	   3.88	 212.38	  -0.41	   0.00	--------	-1	0.00	*
5:180275550	  137.3	   82.9	    1.7	    0.5	   3.67	   3.88	 281.99	  -0.45	   0.00	--------	-1	0.00	*
5:1318415	  137.2	   82.9	    1.7	    0.5	   3.67	   3.88	 281.99	  -0.68	   0.00	--------	-1	0.00	*
7:72984219	  137.0	   57.6	    2.4	    2.1	   7.90	   8.28	 193.85	  -0.50	   0.00	--------	-1	0.00	*
14:93648781	  137.0	   82.9	    1.7	    2.3	   3.57	   3.78	 185.71	  -0.46	   0.00	--------	-1	0.00	*
5:150071044	  137.0	   82.9	    1.7	    0.5	   3.57	   3.78	 279.53	  -0.41	   0.00	--------	-1	0.00	*
X:119390032	  136.7	   82.6	    1.7	   36.3	   3.57	   3.78	  36.73	  -0.45	   0.00	--------	-1	0.00	*
12:50156961	  135.1	   92.8	    1.5	    0.7	   2.41	   2.57	 252.73	  -0.48	   0.00	--------	-1	0.00	*
1:229577131	  135.0	   88.0	    1.5	    1.1	   2.90	   3.09	 225.00	  -0.78	   0.00	--------	-1	0.00	*
16:81411291	  135.0	   82.9	    1.6	    0.7	   3.38	   3.58	 253.15	  -0.44	   0.00	--------	-1	0.00	*
2:210885792	  135.0	   82.9	    1.6	   20.8	   3.38	   3.58	  61.60	  -0.50	   0.00	--------	-1	0.00	*
17:55015794	  134.8	   82.9	    1.6	    1.1	   3.38	   3.58	 222.75	  -0.56	   0.00	--------	-1	0.00	*
2:172964258	  134.7	   68.8	    2.0	   16.3	   5.37	   5.65	  74.00	  -0.74	   0.39	--------	-1	0.00	*
4:76734616	  133.7	   82.9	    1.6	    0.3	   3.29	   3.49	 290.88	  -0.55	   0.00	--------	-1	0.00	*
11:118621709	  133.3	   62.2	    2.1	   97.9	   3.31	   6.63	   3.51	  -0.38	   0.00	--------	-1	0.00	*
X:47088566	  132.7	   82.9	    1.6	    0.6	   3.19	   3.39	 257.23	  -0.63	   0.00	--------	-1	0.00	*
3:156260164	  132.6	   82.9	    1.6	   23.4	   3.19	   3.39	  54.15	  -0.44	   0.23	--------	-1	0.00	*
7:116559090	  132.0	   82.9	    1.6	    0.5	   3.11	   3.29	 263.63	  -0.32	   0.00	--------	-1	0.00	*
1:154930459	  131.0	   20.7	    6.3	    0.8	  19.44	  20.20	 237.22	  -0.27	   0.00	--------	-1	0.00	*
20:34844579	  131.0	   82.9	    1.6	    0.7	   3.01	   3.20	 244.50	  -0.42	   0.00	--------	-1	0.00	*
13:79188926	  130.0	    0.0	 9999.9	    0.3	  37.88	  39.13	 289.40	  -0.30	   0.00	--------	-1	0.00	*
17:7757701	  129.7	   81.9	    1.6	    3.4	   3.04	   3.22	 152.70	  -0.50	   0.00	--------	-1	0.00	*
3:33539619	  129.4	   81.4	    1.6	    0.5	   3.04	   3.22	 255.20	  -0.61	   0.00	--------	-1	0.00	*
5:139006805	  129.3	   81.8	    1.6	    1.2	   3.04	   3.22	 212.08	  -0.56	   0.00	--------	-1	0.00	*
12:1018258	  129.2	   75.1	    1.7	    2.1	   3.77	   3.99	 179.97	  -0.66	   0.41	--------	-1	0.00	*
12:72180244	  128.8	   69.9	    1.8	    0.7	   4.52	   4.76	 236.84	  -0.35	   0.00	--------	-1	0.00	*
17:27871817	  128.8	   82.9	    1.6	    1.1	   2.83	   3.02	 210.38	  -0.41	   0.00	--------	-1	0.00	*
5:6755715	  128.6	   71.1	    1.8	    0.5	   4.22	   4.45	 259.92	  -0.57	   0.00	--------	-1	0.00	*
2:196600277	  128.5	   81.7	    1.6	   20.7	   2.95	   3.13	  56.88	  -0.51	   0.44	--------	-1	0.00	*
1:6651106	  128.0	   41.5	    3.1	   13.4	  10.41	  10.88	  77.22	  -0.30	   0.00	--------	-1	0.00	*
X:119746204	  127.0	   82.9	    1.5	    1.7	   2.66	   2.84	 184.43	  -0.78	   0.00	--------	-1	0.00	*
3:129033917	  126.8	   65.3	    1.9	    0.5	   4.91	   5.17	 248.06	  -0.65	   0.00	--------	-1	0.00	*
2:220084163	  126.0	   82.9	    1.5	    0.4	   2.58	   2.75	 256.51	  -0.47	   0.00	--------	-1	0.00	*
14:95553450	  125.9	   82.9	    1.5	   54.6	   2.58	   2.75	  16.20	  -0.46	   0.00	--------	-1	0.00	*
18:56997345	  125.6	   62.2	    2.0	   54.5	   5.29	   5.57	  16.26	  -0.44	   0.37	--------	-1	0.00	*
1:154179901	  125.3	   82.9	    1.5	    0.8	   2.58	   2.75	 226.09	  -0.45	   0.00	--------	-1	0.00	*
X:70794154	  124.8	   81.2	    1.5	    0.4	   2.60	   2.77	 260.81	  -0.63	   0.00	--------	-1	0.00	*
9:89560338	  124.6	   82.9	    1.5	    0.4	   2.50	   2.66	 254.47	  -0.71	   0.00	--------	-1	0.00	*
1:36646189	  124.2	   82.7	    1.5	    0.8	   2.50	   2.66	 223.88	  -0.39	   0.00	--------	-1	0.00	*
1:233519486	  124.1	   29.2	    4.3	    9.1	  13.98	  14.56	  93.19	  -0.28	   0.00	--------	-1	0.00	*
13:25914429	  124.1	   62.2	    2.0	    0.3	   5.17	   5.44	 276.19	  -0.53	   0.00	--------	-1	0.00	*
2:238673447	  124.0	   82.9	    1.5	    0.4	   2.41	   2.58	 251.60	  -0.52	   0.00	--------	-1	0.00	*
8:62537634	  123.4	   62.2	    2.0	    1.0	   5.05	   5.32	 210.15	  -0.44	   0.00	--------	-1	0.00	*
1:19585820	  123.1	   78.2	    1.6	    0.8	   2.83	   3.01	 221.67	  -0.43	   0.00	--------	-1	0.00	*
1:87570488	  123.0	   82.9	    1.5	    3.9	   2.33	   2.49	 134.08	  -0.51	   0.00	--------	-1	0.00	*
19:33088089	  122.8	    0.0	 9999.9	    1.1	  35.82	  37.03	 198.48	  -0.28	   0.00	--------	-1	0.00	*
6:52962879	  122.6	   62.2	    2.0	    1.2	   4.92	   5.19	 194.95	  -0.71	   0.00	--------	-1	0.00	*
3:47893385	  122.6	   80.5	    1.5	    7.6	   2.54	   2.70	 100.35	  -0.45	   0.00	--------	-1	0.00	*
1:55316906	  122.2	   62.2	    2.0	   20.5	   4.92	   5.19	  52.66	  -0.91	   0.00	--------	-1	0.00	*
4:41957336	  122.0	   41.5	    2.9	    0.3	   9.39	   9.82	 259.98	  -0.26	   0.00	--------	-1	0.00	*
19:10802513	  121.8	   79.9	    1.5	   83.1	   2.55	   2.72	   4.42	  -0.51	   0.51	--------	-1	0.00	*
17:5346724	  121.5	   77.0	    1.6	    1.1	   2.88	   3.06	 196.11	  -0.59	   0.00	--------	-1	0.00	*
3:191109919	  121.2	   62.2	    1.9	    0.5	   4.81	   5.07	 236.22	  -0.50	   0.00	--------	-1	0.00	*
14:50885501	  120.7	    0.0	 9999.9	    0.5	  35.23	  36.42	 238.48	  -0.23	   0.00	--------	-1	0.00	*
12:112944792	  120.5	   83.8	    1.4	   43.5	   2.08	   2.23	  21.55	  -0.50	   0.58	--------	-1	0.00	*
5:82352524	  120.3	   69.7	    1.7	    2.5	   3.65	   3.86	 152.92	  -0.61	   0.00	--------	-1	0.00	*
2:130909617	  120.0	   82.9	    1.4	    1.7	   2.10	   2.25	 173.33	  -0.61	   0.00	--------	-1	0.00	*
16:58439809	  119.3	   82.9	    1.4	    0.7	   2.10	   2.25	 219.05	  -0.57	   0.00	--------	-1	0.00	*
12:50569990	  119.0	   82.9	    1.4	    1.8	   2.10	   2.25	 168.91	  -0.53	   0.00	--------	-1	0.00	*
1:87571083	  119.0	    0.0	 9999.9	    6.4	  34.65	  35.82	 103.47	  -0.29	   0.00	--------	-1	0.00	*
X:38665291	  118.3	   76.3	    1.5	    0.4	   2.61	   2.78	 245.82	  -0.52	   0.00	--------	-1	0.00	*
2:64686144	  118.1	   82.9	    1.4	    4.1	   2.02	   2.17	 126.06	  -0.39	   0.00	--------	-1	0.00	*
13:95226725	  117.9	   78.2	    1.5	    0.3	   2.32	   2.48	 257.85	  -0.59	   0.00	--------	-1	0.00	*
22:41626653	  117.1	   67.9	    1.7	    0.9	   3.61	   3.82	 202.67	  -0.48	   0.00	--------	-1	0.00	*
1:203276888	  116.0	   41.5	    2.8	    0.8	   8.39	   8.78	 204.11	  -0.30	   0.00	--------	-1	0.00	*
8:117657193	  115.9	   60.0	    1.9	    0.4	   4.42	   4.67	 241.29	  -0.75	   0.00	--------	-1	0.00	*
1:245015031	  115.4	   73.3	    1.6	   26.4	   2.68	   2.85	  37.09	  -0.53	   0.00	--------	-1	0.00	*
2:27172945	  115.1	   71.1	    1.6	   27.0	   2.90	   3.09	  36.18	  -0.47	   0.00	--------	-1	0.00	*
20:34239396	  114.9	   72.6	    1.6	    5.4	   2.70	   2.87	 106.57	  -0.49	   0.00	--------	-1	0.00	*
17:77760812	  114.2	   53.6	    2.1	    1.1	   5.52	   5.81	 182.00	  -0.42	   0.00	--------	-1	0.00	*
2:131805792	  112.9	   59.4	    1.9	   11.0	   4.23	   4.47	  71.35	  -0.55	   0.00	--------	-1	0.00	*
9:136229469	  112.3	   62.2	    1.8	    3.0	   3.78	   4.00	 131.26	  -0.47	   0.00	--------	-1	0.00	*
16:87865745	  111.8	   73.9	    1.5	   14.6	   2.33	   2.49	  58.34	  -0.69	   0.00	--------	-1	0.00	*
19:12810864	  111.3	   73.3	    1.5	    7.9	   2.33	   2.49	  85.31	  -0.41	   0.18	--------	-1	0.00	*
7:66420563	  111.0	   73.1	    1.5	    0.8	   2.25	   2.40	 190.54	  -0.80	   0.20	--------	-1	0.00	*
17:1800659	  110.7	   59.7	    1.9	    1.1	   4.00	   4.23	 174.02	  -0.67	   0.00	--------	-1	0.00	*
12:108916949	  110.5	   75.1	    1.5	    6.6	   2.05	   2.20	  91.95	  -0.62	   0.00	--------	-1	0.00	*
9:15465419	  109.2	   48.5	    2.3	    0.4	   5.83	   6.13	 218.00	  -0.40	   0.00	--------	-1	0.00	*
13:30084701	  108.0	   63.1	    1.7	   27.9	   3.22	   3.41	  30.70	  -0.65	   0.00	--------	-1	0.00	*
3:172538122	  107.9	   62.2	    1.7	    0.5	   3.25	   3.44	 203.56	  -0.69	   0.00	--------	-1	0.00	*
2:54092228	  107.0	   66.1	    1.6	    7.6	   2.75	   2.92	  82.16	  -0.51	   0.40	--------	-1	0.00	*
1:40537489	  106.4	   62.2	    1.7	   19.4	   3.14	   3.34	  42.68	  -0.50	   0.00	--------	-1	0.00	*
3:196663378	  106.0	   62.2	    1.7	   19.8	   3.05	   3.23	  41.18	  -0.38	   0.00	--------	-1	0.00	*
5:177022963	  105.9	   63.5	    1.7	    6.6	   2.92	   3.10	  85.73	  -0.70	   0.29	--------	-1	0.00	*
2:86371309	  105.8	   67.3	    1.6	    0.4	   2.45	   2.61	 208.06	  -0.83	   0.00	--------	-1	0.00	*
1:183595848	  104.9	   52.7	    2.0	    9.0	   4.43	   4.67	  71.71	  -0.62	   0.00	--------	-1	0.00	*
2:113289617	  104.8	   67.2	    1.6	   18.5	   2.36	   2.52	  43.04	  -0.67	   0.49	--------	-1	0.00	*
22:41830287	  104.6	    0.0	 9999.9	    0.9	  30.53	  31.61	 175.19	  -0.29	   0.00	--------	-1	0.00	*
7:65420532	  104.0	    0.0	 9999.9	   12.6	  30.24	  31.31	  57.07	  -0.28	   0.00	--------	-1	0.00	*
3:69153945	  103.9	   60.6	    1.7	    0.5	   3.11	   3.29	 194.37	  -0.62	   0.00	--------	-1	0.00	*
10:115489612	  103.1	   41.5	    2.5	    0.5	   6.50	   6.82	 195.59	  -0.30	   0.00	--------	-1	0.00	*
20:43122804	  103.0	   41.5	    2.5	    5.1	   6.35	   6.67	  93.31	  -0.46	   0.54	--------	-1	0.00	*
1:71529411	  102.8	   41.5	    2.5	    0.8	   6.35	   6.67	 176.09	  -0.48	   0.37	--------	-1	0.00	*
2:219318400	  102.6	   41.4	    2.5	    0.4	   6.35	   6.67	 200.92	  -0.50	   0.00	--------	-1	0.00	*
9:4712807	  102.6	   41.5	    2.5	    5.1	   6.35	   6.67	  92.96	  -0.44	   0.00	--------	-1	0.00	*
1:205584802	  102.6	   41.5	    2.5	    0.8	   6.35	   6.67	 176.09	  -0.41	   0.00	--------	-1	0.00	*
4:17626216	  101.9	    0.0	 9999.9	    0.3	  29.65	  30.71	 209.65	  -0.19	   0.00	--------	-1	0.00	*
1:113000833	  101.6	   41.5	    2.5	    2.6	   6.20	   6.51	 120.19	  -0.41	   0.00	--------	-1	0.00	*
15:41248149	  101.6	   41.5	    2.4	    0.5	   6.20	   6.51	 196.32	  -0.47	   0.00	--------	-1	0.00	*
16:87437270	  101.4	   41.5	    2.4	    0.7	   6.20	   6.51	 179.22	  -0.39	   0.00	--------	-1	0.00	*
7:138983278	  101.4	   41.5	    2.4	    8.0	   6.20	   6.51	  73.39	  -0.32	   0.00	--------	-1	0.00	*
3:52290180	  101.4	    0.9	  113.7	    0.5	  27.98	  28.99	 189.80	  -0.19	   0.00	--------	-1	0.00	*
17:73232853	  101.2	   41.5	    2.4	    1.1	   6.20	   6.51	 156.31	  -0.40	   0.00	--------	-1	0.00	*
12:68056386	  101.1	   68.7	    1.5	    0.7	   2.00	   2.15	 177.19	  -0.81	   0.00	--------	-1	0.00	*
8:81435449	  101.0	   41.5	    2.4	    7.0	   6.20	   6.51	  79.06	  -0.40	   0.00	--------	-1	0.00	*
2:233446632	  101.0	   41.5	    2.4	    0.7	   6.05	   6.36	 174.49	  -0.29	   0.00	--------	-1	0.00	*
8:37636376	  101.0	   41.5	    2.4	    1.0	   6.05	   6.36	 162.23	  -0.36	   0.00	--------	-1	0.00	*
17:2593019	  100.7	   41.5	    2.4	    1.1	   6.05	   6.36	 154.36	  -0.46	   0.00	--------	-1	0.00	*
12:57924132	  100.7	   62.2	    1.6	    8.6	   2.56	   2.73	  69.37	  -0.56	   0.50	--------	-1	0.00	*
1:100549498	  100.6	   41.5	    2.4	   11.1	   6.05	   6.36	  59.17	  -0.44	   0.00	--------	-1	0.00	*
6:15521972	  100.5	   41.5	    2.4	    0.6	   6.05	   6.36	 183.74	  -0.46	   0.00	--------	-1	0.00	*
14:93706669	  100.5	   63.0	    1.6	   75.3	   2.41	   2.61	   2.57	  -0.61	   0.00	--------	-1	0.00	*
10:104240526	  100.1	   62.2	    1.6	   34.0	   2.56	   2.73	  20.04	  -0.53	   0.00	--------	-1	0.00	*
1:151220955	  100.0	   59.3	    1.7	   21.7	   2.84	   3.01	  33.72	  -0.62	   0.25	--------	-1	0.00	*
20:30921568	  100.0	   41.5	    2.4	   15.7	   5.91	   6.21	  45.24	  -0.49	   0.00	--------	-1	0.00	*
6:56968058	   99.8	   41.5	    2.4	    0.6	   5.91	   6.21	 181.50	  -0.46	   0.00	--------	-1	0.00	*
3:63988489	   99.7	   41.5	    2.4	    0.5	   5.91	   6.21	 185.25	  -0.46	   0.00	--------	-1	0.00	*
1:54233547	   99.2	   53.9	    1.8	    1.7	   3.67	   3.88	 134.85	  -0.78	   0.25	--------	-1	0.00	*
6:30531027	   99.1	   41.5	    2.4	   10.8	   5.91	   6.21	  59.35	  -0.44	   0.60	--------	-1	0.00	*
14:73742852	   99.1	   41.5	    2.4	    3.2	   5.91	   6.21	 109.26	  -0.45	   0.00	--------	-1	0.00	*
5:138270271	   99.0	   61.6	    1.6	    0.7	   2.58	   2.75	 173.89	  -0.56	   0.00	--------	-1	0.00	*
12:121676335	   99.0	   41.5	    2.4	   26.3	   5.76	   6.05	  26.82	  -0.44	   0.00	--------	-1	0.00	*
21:18939378	   99.0	   41.5	    2.4	   28.6	   5.76	   6.05	  24.17	  -0.44	   0.00	--------	-1	0.00	*
X:149935679	   99.0	   41.5	    2.4	    8.6	   5.76	   6.05	  67.32	  -0.32	   0.00	--------	-1	0.00	*
7:158526640	   98.6	   41.5	    2.4	    1.3	   5.76	   6.05	 145.75	  -0.50	   0.00	--------	-1	0.00	*
14:58701364	   98.5	   53.6	    1.8	    0.7	   3.56	   3.77	 174.49	  -0.94	   0.00	--------	-1	0.00	*
4:76735064	   98.3	   41.5	    2.4	    0.3	   5.76	   6.05	 202.24	  -0.49	   0.00	--------	-1	0.00	*
16:47116837	   98.2	   62.8	    1.6	    0.7	   2.38	   2.54	 172.71	  -0.74	   0.00	--------	-1	0.00	*
1:231470089	   98.1	   41.5	    2.4	    0.8	   5.76	   6.05	 167.61	  -0.43	   0.00	--------	-1	0.00	*
13:79174749	   98.1	   41.5	    2.4	    5.6	   5.76	   6.05	  83.97	  -0.47	   0.00	--------	-1	0.00	*
1:120456966	   98.0	   41.5	    2.4	    0.8	   5.61	   5.90	 165.50	  -0.47	   0.00	--------	-1	0.00	*
9:100434298	   98.0	   41.5	    2.4	   17.7	   5.61	   5.90	  39.41	  -0.41	   0.00	--------	-1	0.00	*
10:91343850	   97.8	   59.9	    1.6	    0.5	   2.64	   2.81	 181.86	  -0.61	   0.00	--------	-1	0.00	*
20:628947	   97.6	   41.5	    2.4	    0.7	   5.62	   5.90	 170.93	  -0.42	   0.00	--------	-1	0.00	*
1:113000319	   97.4	   41.5	    2.3	    1.4	   5.62	   5.90	 139.66	  -0.31	   0.00	--------	-1	0.00	*
2:235962973	   97.3	   58.9	    1.7	    0.4	   2.76	   2.94	 189.12	  -0.60	   0.00	--------	-1	0.00	*
17:30816674	   97.3	   62.2	    1.6	    2.4	   2.29	   2.44	 117.72	  -0.54	   0.00	--------	-1	0.00	*
17:39958399	   97.0	   41.5	    2.3	    7.8	   5.47	   5.76	  68.69	  -0.29	   0.80	--------	-1	0.00	*
X:108885533	   97.0	   41.5	    2.3	    2.1	   5.47	   5.76	 121.59	  -0.44	   0.00	--------	-1	0.00	*
11:102101183	   96.6	   41.5	    2.3	   26.2	   5.47	   5.76	  25.84	  -0.48	   0.00	--------	-1	0.00	*
22:37965366	   96.4	   62.2	    1.5	    0.9	   2.20	   2.35	 158.62	  -0.81	   0.00	--------	-1	0.00	*
12:69664797	   96.4	   41.0	    2.3	    3.4	   5.47	   5.76	 102.02	  -0.38	   0.00	--------	-1	0.00	*
14:36340747	   96.4	   41.5	    2.3	    0.8	   5.47	   5.76	 160.92	  -0.45	   0.00	--------	-1	0.00	*
7:123181397	   96.2	    0.0	 9999.9	    0.7	  28.19	  29.20	 168.44	  -0.28	   0.00	--------	-1	0.00	*
12:132406554	   96.0	   41.5	    2.3	    0.7	   5.33	   5.61	 164.32	  -0.34	   0.00	--------	-1	0.00	*
16:56466565	   96.0	   62.2	    1.5	    0.7	   2.11	   2.26	 166.24	  -0.85	   0.00	--------	-1	0.00	*
17:30816124	   96.0	   62.2	    1.5	    1.8	   2.11	   2.26	 125.60	  -0.35	   0.00	--------	-1	0.00	*
3:47893953	   96.0	   41.5	    2.3	    7.6	   5.33	   5.61	  68.97	  -0.45	   0.00	--------	-1	0.00	*
11:61567931	   96.0	   40.3	    2.4	   26.0	   5.54	   5.83	  25.46	  -0.47	   0.44	--------	-1	0.00	*
1:44438427	   95.9	   62.2	    1.5	    0.8	   2.11	   2.26	 160.52	  -0.32	   0.00	--------	-1	0.00	*
15:78791141	   95.9	   41.1	    2.3	    5.9	   5.33	   5.61	  78.39	  -0.50	   0.00	--------	-1	0.00	*
5:176726303	   95.8	   52.9	    1.8	    0.5	   3.37	   3.57	 181.47	  -0.72	   0.00	--------	-1	0.00	*
8:42027052	   95.8	   41.5	    2.3	    0.4	   5.33	   5.61	 192.03	  -0.46	   0.00	--------	-1	0.00	*
17:62495776	   95.8	   51.6	    1.9	    1.1	   3.52	   3.73	 144.68	  -0.59	   0.00	--------	-1	0.00	*
X:69724038	   95.6	   41.5	    2.3	   10.9	   5.33	   5.61	  55.01	  -0.39	   0.00	--------	-1	0.00	*
21:44473350	   95.4	   63.5	    1.5	    0.4	   2.01	   2.15	 191.09	  -0.79	   0.00	--------	-1	0.00	*
12:104169105	   95.3	   41.5	    2.3	   26.8	   5.33	   5.61	  24.49	  -0.44	   0.46	--------	-1	0.00	*
5:171638682	   95.2	   41.5	    2.3	    3.6	   5.33	   5.61	  98.40	  -0.49	   0.00	--------	-1	0.00	*
15:98515107	   95.1	   41.5	    2.3	    0.5	   5.33	   5.61	 182.32	  -0.48	   0.00	--------	-1	0.00	*
3:50685612	   95.0	   41.5	    2.3	    2.5	   5.18	   5.46	 111.22	  -0.45	   0.00	--------	-1	0.00	*
X:16861830	   94.9	   41.5	    2.3	    0.4	   5.18	   5.46	 187.22	  -0.47	   0.00	--------	-1	0.00	*
20:30921958	   94.6	   41.5	    2.3	    3.2	   5.18	   5.46	 101.61	  -0.49	   0.00	--------	-1	0.00	*
3:196659275	   94.2	   41.5	    2.3	   14.4	   5.18	   5.46	  44.29	  -0.36	   0.00	--------	-1	0.00	*
3:51697864	   94.0	   38.2	    2.5	    3.7	   5.84	   6.14	  95.39	  -0.48	   0.00	--------	-1	0.00	*
10:98984793	   94.0	   41.5	    2.3	    8.1	   5.05	   5.32	  64.15	  -0.47	   0.00	--------	-1	0.00	*
15:78461516	   94.0	   41.5	    2.3	    0.5	   5.05	   5.32	 177.68	  -0.38	   0.00	--------	-1	0.00	*
20:43128407	   93.7	   41.5	    2.3	   23.7	   5.05	   5.32	  27.14	  -0.50	   0.00	--------	-1	0.00	*
11:118472318	   93.7	   41.5	    2.3	   38.3	   5.05	   5.32	  13.65	  -0.44	   0.00	--------	-1	0.00	*
3:10193673	   93.6	   41.5	    2.3	   17.1	   5.05	   5.32	  37.59	  -0.50	   0.00	--------	-1	0.00	*
X:48761142	   93.4	   38.6	    2.4	    2.7	   5.70	   5.99	 106.17	  -0.46	   0.00	--------	-1	0.00	*
X:40465182	   93.3	   41.5	    2.2	    0.4	   5.05	   5.32	 184.83	  -0.43	   0.00	--------	-1	0.00	*
3:182662302	   92.5	   41.5	    2.2	    3.7	   4.91	   5.17	  92.31	  -0.42	   0.00	--------	-1	0.00	*
10:103541171	   92.4	   58.7	    1.6	    0.5	   2.28	   2.44	 170.53	  -0.71	   0.00	--------	-1	0.00	*
11:67165685	   91.8	   57.8	    1.6	    5.7	   2.31	   2.47	  75.09	  -0.72	   0.26	--------	-1	0.00	*
17:36828750	   91.1	   41.5	    2.2	   15.7	   4.77	   5.03	  38.92	  -0.50	   0.00	--------	-1	0.00	*
1:230973731	   91.0	   41.5	    2.2	   24.0	   4.63	   4.89	  25.00	  -0.39	   0.00	--------	-1	0.00	*
11:94153104	   91.0	   41.5	    2.2	    1.7	   4.63	   4.89	 118.84	  -0.49	   0.00	--------	-1	0.00	*
5:176085548	   91.0	   41.5	    2.2	    1.3	   4.63	   4.89	 130.67	  -0.43	   0.00	--------	-1	0.00	*
22:30422362	   90.9	   41.5	    2.2	    0.9	   4.63	   4.89	 146.38	  -0.33	   0.00	--------	-1	0.00	*
6:121769250	   90.7	   55.2	    1.6	    0.6	   2.45	   2.61	 161.57	  -0.77	   0.00	--------	-1	0.00	*
4:57368834	   90.6	   41.5	    2.2	   14.0	   4.63	   4.89	  42.02	  -0.49	   0.00	--------	-1	0.00	*
1:9664244	   90.5	   41.5	    2.2	    3.8	   4.63	   4.89	  88.68	  -0.48	   0.00	--------	-1	0.00	*
8:41787287	   90.3	   41.5	    2.2	   30.7	   4.63	   4.89	  18.14	  -0.50	   0.00	--------	-1	0.00	*
12:49086045	   90.2	    0.0	 9999.9	    0.7	  26.43	  27.39	 153.73	  -0.25	   0.00	--------	-1	0.00	*
19:10427068	   90.2	   55.5	    1.6	    1.1	   2.45	   2.61	 135.37	  -0.66	   0.00	--------	-1	0.00	*
1:178885814	   90.2	   41.5	    2.2	    3.5	   4.63	   4.89	  91.86	  -0.35	   0.00	--------	-1	0.00	*
10:104849078	   90.1	   39.5	    2.3	    0.6	   5.04	   5.31	 158.10	  -0.45	   0.00	--------	-1	0.00	*
17:79525500	   90.0	   41.5	    2.2	    1.1	   4.63	   4.89	 135.12	  -0.40	   0.00	--------	-1	0.00	*
7:39746246	   90.0	   41.5	    2.2	    0.5	   4.50	   4.75	 165.23	  -0.34	   0.00	--------	-1	0.00	*
17:30817113	   89.7	   41.5	    2.2	    2.4	   4.50	   4.75	 104.97	  -0.49	   0.00	--------	-1	0.00	*
2:85546761	   89.7	   41.5	    2.2	    7.4	   4.50	   4.75	  63.26	  -0.45	   0.00	--------	-1	0.00	*
10:75003094	   89.5	   56.2	    1.6	   11.5	   2.24	   2.39	  47.66	  -0.83	   0.64	--------	-1	0.00	*
19:3491221	   89.4	   41.5	    2.2	    1.1	   4.50	   4.75	 133.47	  -0.45	   0.00	--------	-1	0.00	*
5:76728268	   89.3	   41.5	    2.2	    0.5	   4.50	   4.75	 167.69	  -0.49	   0.00	--------	-1	0.00	*
4:38701706	   89.1	   36.6	    2.4	    0.3	   5.55	   5.84	 180.25	  -0.43	   0.00	--------	-1	0.00	*
1:21070863	   89.0	   41.5	    2.1	    2.2	   4.37	   4.61	 106.04	  -0.49	   0.00	--------	-1	0.00	*
10:105063250	   89.0	   41.5	    2.1	    0.5	   4.37	   4.61	 161.56	  -0.45	   0.00	--------	-1	0.00	*
11:76262677	   89.0	   41.5	    2.1	    0.6	   4.37	   4.61	 155.14	  -0.33	   0.00	--------	-1	0.00	*
18:11852443	   89.0	   41.5	    2.1	    3.0	   4.37	   4.61	  95.61	  -0.45	   0.00	--------	-1	0.00	*
22:36677791	   88.9	   41.5	    2.1	    0.9	   4.37	   4.61	 142.34	  -0.48	   0.00	--------	-1	0.00	*
3:122143949	   88.9	   41.5	    2.1	   31.6	   4.37	   4.61	  16.49	  -0.45	   0.00	--------	-1	0.00	*
15:59952665	   88.8	   41.5	    2.1	   24.3	   4.37	   4.61	  23.47	  -0.42	   0.00	--------	-1	0.00	*
15:37183416	   88.7	   41.5	    2.1	    3.4	   4.37	   4.61	  90.33	  -0.40	   0.00	--------	-1	0.00	*
12:46752372	   88.6	   41.5	    2.1	    0.7	   4.37	   4.61	 149.52	  -0.40	   0.00	--------	-1	0.00	*
4:2069737	   88.6	   41.5	    2.1	    5.0	   4.37	   4.61	  75.84	  -0.44	   0.00	--------	-1	0.00	*
X:133904044	   88.5	   57.3	    1.5	    8.9	   2.04	   2.18	  55.46	  -0.72	   0.25	--------	-1	0.00	*
15:42705162	   88.0	   41.5	    2.1	    2.6	   4.24	   4.47	  99.50	  -0.36	   0.00	--------	-1	0.00	*
16:56511153	   88.0	   41.5	    2.1	    1.5	   4.24	   4.47	 118.89	  -0.44	   0.00	--------	-1	0.00	*
19:1597387	   88.0	   41.5	    2.1	    2.7	   4.24	   4.47	  98.00	  -0.31	   0.00	--------	-1	0.00	*
20:378038	   88.0	   41.5	    2.1	    0.7	   4.24	   4.47	 149.53	  -0.31	   0.00	--------	-1	0.00	*
3:15090652	   88.0	   41.5	    2.1	   25.7	   4.24	   4.47	  21.31	  -0.31	   0.00	--------	-1	0.00	*
6:7251891	   88.0	   41.5	    2.1	    0.6	   4.24	   4.47	 155.01	  -0.39	   0.00	--------	-1	0.00	*
8:120743502	   87.3	   41.5	    2.1	    0.4	   4.24	   4.47	 172.82	  -0.39	   0.00	--------	-1	0.00	*
1:107601666	   87.1	   41.5	    2.1	    0.8	   4.24	   4.47	 144.65	  -0.47	   0.00	--------	-1	0.00	*
1:184662459	   87.0	   41.5	    2.1	    3.2	   4.11	   4.34	  89.47	  -0.40	   0.00	--------	-1	0.00	*
2:198338923	   87.0	   41.5	    2.1	    0.4	   4.11	   4.34	 163.55	  -0.40	   0.00	--------	-1	0.00	*
5:143539163	   87.0	   41.5	    2.1	    4.5	   4.11	   4.34	  77.39	  -0.42	   0.75	--------	-1	0.00	*
9:116816524	   87.0	   41.5	    2.1	   37.8	   4.11	   4.34	  11.26	  -0.42	   0.00	--------	-1	0.00	*
1:117532272	   86.5	    0.0	 9999.9	    0.8	  25.26	  26.19	 142.59	  -0.29	   0.00	--------	-1	0.00	*
3:152180211	   86.4	   41.5	    2.1	    2.5	   4.11	   4.34	  99.19	  -0.43	   0.00	--------	-1	0.00	*
4:77956017	   86.4	   49.3	    1.8	   28.0	   2.83	   3.00	  18.57	  -0.73	   0.00	--------	-1	0.00	*
17:57076551	   86.3	   41.5	    2.1	    1.1	   4.11	   4.34	 127.56	  -0.48	   0.00	--------	-1	0.00	*
10:30602250	   86.2	   41.5	    2.1	    3.1	   4.11	   4.34	  91.39	  -0.49	   0.00	--------	-1	0.00	*
8:53535574	   86.2	   41.5	    2.1	    0.4	   4.11	   4.34	 165.03	  -0.45	   0.00	--------	-1	0.00	*
12:25359520	   86.1	   54.6	    1.6	   45.1	   2.20	   2.34	   7.70	  -0.84	   0.27	--------	-1	0.00	*
20:377457	   86.0	   41.5	    2.1	    0.7	   3.98	   4.20	 145.30	  -0.42	   0.00	--------	-1	0.00	*
4:57260803	   86.0	   41.5	    2.1	    0.3	   3.98	   4.20	 170.60	  -0.47	   0.00	--------	-1	0.00	*
6:108192147	   86.0	   41.5	    2.1	   12.7	   3.98	   4.20	  40.96	  -0.40	   0.58	--------	-1	0.00	*
X:9685271	   86.0	   41.5	    2.1	    6.6	   3.98	   4.20	  62.54	  -0.47	   0.00	--------	-1	0.00	*
5:174157323	   85.6	   41.5	    2.1	    0.5	   3.98	   4.20	 158.60	  -0.37	   0.00	--------	-1	0.00	*
17:7362979	   85.2	   41.5	    2.1	    1.1	   3.98	   4.20	 125.68	  -0.45	   0.00	--------	-1	0.00	*
1:226334270	   85.2	   44.9	    1.9	    0.8	   3.46	   3.67	 140.54	  -0.90	   0.00	--------	-1	0.00	*
10:122668424	   85.1	   41.5	    2.1	    0.5	   3.98	   4.20	 154.88	  -0.45	   0.00	--------	-1	0.00	*
10:123500766	   85.0	   41.5	    2.0	    0.5	   3.85	   4.07	 152.66	  -0.47	   0.00	--------	-1	0.00	*
5:36193905	   85.0	   41.5	    2.0	    1.1	   3.85	   4.07	 123.83	  -0.46	   0.00	--------	-1	0.00	*
9:88879931	   85.0	    0.0	 9999.9	    0.6	  24.67	  25.59	 149.89	  -0.27	   0.00	--------	-1	0.00	*
5:60455466	   85.0	   45.0	    1.9	    0.5	   3.35	   3.54	 156.34	  -0.73	   0.00	--------	-1	0.00	*
8:61533586	   84.5	   46.6	    1.8	    7.1	   3.04	   3.22	  59.05	  -0.71	   0.00	--------	-1	0.00	*
5:65475054	   84.5	   45.1	    1.9	   25.6	   3.19	   3.38	  19.89	  -0.53	   0.00	--------	-1	0.00	*
13:77457479	   84.2	   41.5	    2.0	    0.3	   3.85	   4.07	 174.00	  -0.48	   0.00	--------	-1	0.00	*
6:41903167	   84.2	   37.0	    2.3	    0.6	   4.61	   4.87	 148.49	  -0.47	   0.00	--------	-1	0.00	*
18:9547054	   84.1	   41.5	    2.0	    0.3	   3.85	   4.07	 168.81	  -0.41	   0.00	--------	-1	0.00	*
11:65120024	   84.0	   41.5	    2.0	    3.6	   3.72	   3.94	  81.82	  -0.32	   0.00	--------	-1	0.00	*
7:913627	   84.0	   41.5	    2.0	    0.5	   3.72	   3.94	 151.79	  -0.35	   0.00	--------	-1	0.00	*
7:156475656	   84.0	   41.5	    2.0	   15.1	   3.72	   3.94	  34.08	  -0.42	   0.57	--------	-1	0.00	*
X:131337828	   84.0	   41.5	    2.0	    4.0	   3.72	   3.94	  77.56	  -0.34	   0.00	--------	-1	0.00	*
3:156258875	   83.8	   44.6	    1.9	   25.3	   3.23	   3.42	  19.65	  -0.75	   0.00	--------	-1	0.00	*
12:111886425	   83.8	   41.5	    2.0	    9.5	   3.72	   3.94	  48.60	  -0.46	   0.00	--------	-1	0.00	*
12:1018151	   83.6	   49.3	    1.7	    2.1	   2.52	   2.68	 101.10	  -0.45	   0.41	--------	-1	0.00	*
17:28852456	   83.5	   41.5	    2.0	    3.6	   3.72	   3.94	  81.62	  -0.49	   0.70	--------	-1	0.00	*
5:176869038	   83.5	   41.5	    2.0	    0.5	   3.72	   3.94	 154.08	  -0.32	   0.00	--------	-1	0.00	*
10:22618657	   83.3	   42.3	    2.0	    3.5	   3.55	   3.76	  81.94	  -0.75	   0.21	--------	-1	0.00	*
7:65423540	   82.9	   41.5	    2.0	   24.5	   3.60	   3.81	  19.91	  -0.45	   0.00	--------	-1	0.00	*
X:119659870	   82.8	   35.1	    2.4	    2.4	   4.75	   5.01	  94.41	  -0.39	   0.00	--------	-1	0.00	*
3:124684814	   82.7	   41.5	    2.0	    0.5	   3.60	   3.81	 147.27	  -0.54	   0.00	--------	-1	0.00	*
15:72876185	   82.7	   41.5	    2.0	    0.5	   3.60	   3.81	 152.57	  -0.48	   0.00	--------	-1	0.00	*
5:71502009	   82.7	   41.5	    2.0	   18.0	   3.60	   3.81	  28.30	  -0.34	   0.00	--------	-1	0.00	*
8:59494607	   82.4	   41.5	    2.0	    0.4	   3.60	   3.81	 160.96	  -0.46	   0.00	--------	-1	0.00	*
17:80559606	   82.3	   12.9	    6.4	    1.1	  12.68	  13.22	 120.07	  -0.20	   0.43	--------	-1	0.00	*
18:29204435	   82.3	   41.5	    2.0	    0.6	   3.60	   3.81	 143.88	  -0.57	   0.39	--------	-1	0.00	*
15:91044141	   82.0	   41.5	    2.0	    4.9	   3.47	   3.68	  68.15	  -0.51	   0.48	--------	-1	0.00	*
2:11323351	   82.0	   41.5	    2.0	    8.9	   3.47	   3.68	  48.55	  -0.34	   0.00	--------	-1	0.00	*
3:185362704	   82.0	   41.5	    2.0	    2.7	   3.47	   3.68	  89.11	  -0.40	   0.00	--------	-1	0.00	*
7:73536800	   82.0	   41.5	    2.0	    0.9	   3.47	   3.68	 125.95	  -0.58	   0.00	--------	-1	0.00	*
7:101893800	   82.0	   41.5	    2.0	    2.9	   3.47	   3.68	  86.48	  -0.48	   0.00	--------	-1	0.00	*
16:75141782	   81.8	   41.5	    2.0	    0.7	   3.47	   3.68	 136.59	  -0.61	   0.00	--------	-1	0.00	*
1:146627886	   81.8	   41.5	    2.0	   14.1	   3.47	   3.68	  34.50	  -0.44	   0.00	--------	-1	0.00	*
6:110421669	   81.7	   41.5	    2.0	    0.6	   3.47	   3.68	 142.02	  -0.75	   0.00	--------	-1	0.00	*
19:47568886	   81.6	   41.5	    2.0	    1.1	   3.47	   3.68	 118.44	  -0.64	   0.21	--------	-1	0.00	*
1:165696911	   81.6	   45.1	    1.8	    0.8	   2.85	   3.03	 132.37	  -0.78	   0.00	--------	-1	0.00	*
1:202860877	   81.5	   40.8	    2.0	    5.2	   3.65	   3.86	  66.16	  -0.73	   0.47	--------	-1	0.00	*
13:88331193	   81.5	   41.5	    2.0	    0.3	   3.47	   3.68	 166.62	  -0.51	   0.00	--------	-1	0.00	*
15:83807934	   81.3	   41.5	    2.0	    0.5	   3.47	   3.68	 150.32	  -0.76	   0.00	--------	-1	0.00	*
7:156476520	   81.1	   48.3	    1.7	    4.4	   2.44	   2.60	  71.87	  -0.83	   0.00	--------	-1	0.00	*
6:111544070	   81.1	   41.5	    2.0	    0.6	   3.47	   3.68	 142.02	  -0.53	   0.00	--------	-1	0.00	*
3:12624721	   81.0	   41.5	    2.0	    4.2	   3.36	   3.56	  72.11	  -0.47	   0.41	--------	-1	0.00	*
6:30037895	   81.0	   41.5	    2.0	    0.6	   3.36	   3.56	 139.87	  -0.33	   0.00	--------	-1	0.00	*
6:99285059	   81.0	   41.5	    2.0	    9.3	   3.36	   3.56	  46.43	  -0.42	   0.00	--------	-1	0.00	*
9:125003921	   81.0	   41.5	    2.0	    2.3	   3.36	   3.56	  92.55	  -0.45	   0.49	--------	-1	0.00	*
X:108887190	   81.0	   41.5	    2.0	    0.6	   3.36	   3.56	 139.38	  -0.87	   0.00	--------	-1	0.00	*
3:16301475	   81.0	   40.7	    2.0	   34.4	   3.52	   3.73	  11.04	  -0.57	   0.49	--------	-1	0.00	*
5:89808356	   80.8	   50.0	    1.6	    6.3	   2.22	   2.37	  58.89	  -0.65	   0.57	--------	-1	0.00	*
8:61534150	   80.7	   47.9	    1.7	    7.1	   2.47	   2.63	  54.77	  -0.81	   0.00	--------	-1	0.00	*
17:78444336	   80.6	   41.5	    1.9	    1.1	   3.36	   3.56	 116.36	  -0.52	   0.37	--------	-1	0.00	*
14:21820686	   80.2	   43.6	    1.8	    0.5	   3.04	   3.22	 145.98	  -0.70	   0.00	--------	-1	0.00	*
7:112757000	   80.1	   41.1	    1.9	    0.5	   3.36	   3.56	 145.14	  -0.57	   0.00	--------	-1	0.00	*
2:120979237	   80.0	   41.5	    1.9	    3.8	   3.23	   3.43	  73.88	  -0.47	   0.00	--------	-1	0.00	*
22:43265917	   80.0	   41.5	    1.9	    3.3	   3.23	   3.43	  78.43	  -0.49	   0.46	--------	-1	0.00	*
5:137088624	   80.0	   35.7	    2.2	    0.5	   4.33	   4.57	 145.12	  -0.37	   0.00	--------	-1	0.00	*
12:104167628	   79.8	   41.5	    1.9	    1.7	   3.23	   3.43	 101.21	  -0.40	   0.00	--------	-1	0.00	*
5:175954233	   79.7	   41.5	    1.9	    3.5	   3.23	   3.43	  76.93	  -0.54	   0.00	--------	-1	0.00	*
9:94794521	   79.5	   41.5	    1.9	    0.4	   3.23	   3.43	 147.85	  -0.55	   0.00	--------	-1	0.00	*
17:76670242	   79.3	   41.5	    1.9	    1.4	   3.23	   3.43	 106.73	  -0.69	   0.34	--------	-1	0.00	*
4:88082529	   79.3	   41.5	    1.9	    1.0	   3.23	   3.43	 120.89	  -0.85	   0.00	--------	-1	0.00	*
4:71848197	   79.3	   40.8	    1.9	    0.3	   3.40	   3.60	 156.27	  -0.70	   0.00	--------	-1	0.00	*
2:200135951	   79.2	   41.5	    1.9	    1.7	   3.23	   3.43	 100.47	  -0.60	   0.00	--------	-1	0.00	*
X:73810774	   79.0	   47.2	    1.7	    0.4	   2.37	   2.53	 151.90	  -0.89	   0.20	--------	-1	0.00	*
14:100800337	   79.0	   41.5	    1.9	    0.5	   3.12	   3.31	 141.55	  -0.37	   0.00	--------	-1	0.00	*
17:2937578	   79.0	   41.5	    1.9	    1.1	   3.12	   3.31	 112.67	  -0.36	   0.00	--------	-1	0.00	*
19:14203428	   79.0	   41.5	    1.9	    1.5	   3.12	   3.31	 103.22	  -0.59	   0.00	--------	-1	0.00	*
8:133859598	   78.9	   41.5	    1.9	    0.4	   3.12	   3.31	 151.57	  -0.57	   0.00	--------	-1	0.00	*
1:47143485	   78.8	   39.9	    2.0	    0.8	   3.45	   3.65	 126.30	  -0.85	   0.00	--------	-1	0.00	*
15:102194651	   78.7	   41.5	    1.9	    0.5	   3.12	   3.31	 143.59	  -0.70	   0.00	--------	-1	0.00	*
X:131760911	   78.5	   36.4	    2.2	   19.6	   3.99	   4.22	  23.35	  -0.39	   0.00	--------	-1	0.00	*
1:22005855	   78.5	   39.5	    2.0	    0.8	   3.45	   3.65	 126.30	  -0.77	   0.00	--------	-1	0.00	*
12:19671720	   78.5	   41.5	    1.9	    0.9	   3.12	   3.31	 119.75	  -0.66	   0.00	--------	-1	0.00	*
17:41145228	   78.3	   41.0	    1.9	    1.8	   3.12	   3.31	  97.06	  -0.57	   0.00	--------	-1	0.00	*
20:46283719	   78.3	   41.5	    1.9	   12.9	   3.12	   3.31	  34.85	  -0.54	   0.00	--------	-1	0.00	*
1:11084626	   78.1	   41.4	    1.9	    2.5	   3.12	   3.31	  87.06	  -0.59	   0.00	--------	-1	0.00	*
6:57054857	   78.1	   39.6	    2.0	    0.6	   3.45	   3.65	 135.59	  -0.87	   0.19	--------	-1	0.00	*
12:51381239	   78.0	   41.5	    1.9	   17.8	   3.00	   3.19	  25.27	  -0.48	   0.00	--------	-1	0.00	*
7:44748032	   78.0	   41.5	    1.9	    0.5	   3.00	   3.19	 138.53	  -0.48	   0.00	--------	-1	0.00	*
9:136627384	   77.9	   41.5	    1.9	    0.4	   3.00	   3.19	 143.33	  -0.58	   0.00	--------	-1	0.00	*
3:73114983	   77.8	   40.8	    1.9	    5.3	   3.16	   3.35	  60.76	  -0.68	   0.00	--------	-1	0.00	*
1:249143444	   77.7	   41.5	    1.9	    0.8	   3.00	   3.19	 124.29	  -0.37	   0.00	--------	-1	0.00	*
4:110745828	   77.7	   40.6	    1.9	    0.3	   3.16	   3.35	 151.54	  -0.94	   0.00	--------	-1	0.00	*
18:46570245	   77.6	   41.5	    1.9	    1.3	   3.00	   3.19	 105.84	  -0.75	   0.00	--------	-1	0.00	*
1:193219888	   77.5	   41.5	    1.9	    5.6	   3.00	   3.19	  59.36	  -0.62	   0.00	--------	-1	0.00	*
11:65765374	   77.4	   41.5	    1.9	    0.5	   3.00	   3.19	 136.01	  -0.83	   0.00	--------	-1	0.00	*
18:5290380	   77.2	   41.3	    1.9	    0.3	   3.00	   3.19	 152.10	  -0.49	   0.00	--------	-1	0.00	*
2:54896330	   77.2	   39.6	    2.0	    2.9	   3.33	   3.52	  79.85	  -1.02	   0.23	--------	-1	0.00	*
15:93570027	   77.1	   41.5	    1.9	   31.1	   3.00	   3.19	  11.89	  -0.45	   0.00	--------	-1	0.00	*
10:64565748	   77.1	   41.5	    1.9	    0.5	   3.00	   3.19	 137.29	  -0.71	   0.00	--------	-1	0.00	*
1:59124227	   77.0	   41.5	    1.9	    1.8	   2.88	   3.07	  94.60	  -0.43	   0.00	--------	-1	0.00	*
1:202102727	   77.0	   41.5	    1.9	    1.1	   2.88	   3.07	 109.25	  -0.58	   0.00	--------	-1	0.00	*
12:118855129	   77.0	   41.5	    1.9	    2.1	   2.88	   3.07	  89.91	  -0.59	   0.00	--------	-1	0.00	*
17:63007313	   77.0	   41.5	    1.9	    3.5	   2.88	   3.07	  73.21	  -0.47	   0.00	--------	-1	0.00	*
16:85706892	   77.0	   41.5	    1.9	    0.7	   2.88	   3.07	 126.25	  -0.68	   0.00	--------	-1	0.00	*
6:11134927	   76.9	   41.5	    1.9	    0.6	   2.88	   3.07	 131.34	  -0.57	   0.00	--------	-1	0.00	*
3:38532633	   76.8	   41.5	    1.9	   22.4	   2.88	   3.07	  18.92	  -0.41	   0.00	--------	-1	0.00	*
2:109302374	   76.7	   41.5	    1.8	    2.6	   2.88	   3.07	  82.22	  -0.47	   0.00	--------	-1	0.00	*
11:64846269	   76.6	    0.0	 9999.9	    0.5	  22.33	  23.18	 133.85	  -0.20	   0.00	--------	-1	0.00	*
2:69472681	   76.4	   41.5	    1.8	    1.4	   2.88	   3.07	 103.34	  -0.44	   0.00	--------	-1	0.00	*
X:100882598	   76.4	   41.5	    1.8	    0.4	   2.88	   3.07	 144.97	  -0.43	   0.00	--------	-1	0.00	*
9:123526553	   76.1	   41.5	    1.8	   14.7	   2.88	   3.07	  29.58	  -0.60	   0.00	--------	-1	0.00	*
10:123501441	   76.0	   41.5	    1.8	    0.5	   2.78	   2.95	 132.95	  -0.44	   0.00	--------	-1	0.00	*
12:122630951	   76.0	    0.0	 9999.9	   13.9	  22.04	  22.88	  30.46	  -0.29	   0.00	--------	-1	0.00	*
14:75550126	   76.0	   41.5	    1.8	   27.7	   2.78	   2.95	  13.48	  -0.42	   0.00	--------	-1	0.00	*
3:101368494	   76.0	   41.5	    1.8	    0.5	   2.78	   2.95	 132.06	  -0.36	   0.00	--------	-1	0.00	*
5:110465859	   76.0	   41.5	    1.8	    0.5	   2.78	   2.95	 136.23	  -0.27	   0.00	--------	-1	0.00	*
1:93617715	   76.0	   40.1	    1.9	    0.8	   2.92	   3.11	 120.29	  -0.83	   0.00	--------	-1	0.00	*
15:69070922	   75.9	   41.5	    1.8	    0.5	   2.78	   2.95	 136.91	  -0.75	   0.00	--------	-1	0.00	*
16:68262759	   75.8	   39.6	    1.9	    2.0	   3.09	   3.27	  89.90	  -0.67	   0.00	--------	-1	0.00	*
9:111781129	   75.7	   43.8	    1.7	    0.4	   2.49	   2.65	 138.83	  -0.50	   0.00	--------	-1	0.00	*
17:1683418	   75.6	   41.5	    1.8	    1.6	   2.78	   2.95	  96.11	  -0.41	   0.00	--------	-1	0.00	*
1:53679904	   75.6	   38.5	    2.0	    1.1	   3.25	   3.45	 109.16	  -0.63	   0.00	--------	-1	0.00	*
16:85008638	   75.6	   41.5	    1.8	    0.7	   2.78	   2.95	 124.20	  -0.35	   0.00	--------	-1	0.00	*
16:57462277	   75.5	   41.5	    1.8	    0.7	   2.78	   2.95	 124.20	  -0.57	   0.00	--------	-1	0.00	*
X:70795159	   75.5	   41.4	    1.8	    0.4	   2.78	   2.95	 142.68	  -0.71	   0.00	--------	-1	0.00	*
22:21802203	   75.4	   38.5	    2.0	    8.7	   3.25	   3.45	  43.51	  -0.74	   0.00	--------	-1	0.00	*
18:18531018	   75.4	   41.5	    1.8	    0.3	   2.78	   2.95	 147.38	  -0.58	   0.00	--------	-1	0.00	*
8:41479398	   75.3	   40.1	    1.9	    2.1	   2.92	   3.11	  87.51	  -0.70	   0.08	--------	-1	0.00	*
7:7646806	   75.3	   41.4	    1.8	    0.5	   2.78	   2.95	 134.16	  -0.78	   0.00	--------	-1	0.00	*
6:170886305	   75.2	   41.2	    1.8	    1.9	   2.78	   2.95	  91.30	  -0.84	   0.00	--------	-1	0.00	*
1:110174559	   75.1	   39.2	    1.9	    4.9	   3.09	   3.27	  61.22	  -0.74	   0.41	--------	-1	0.00	*
14:23370722	   75.0	   40.4	    1.9	    2.5	   2.92	   3.11	  82.39	  -0.72	   0.26	--------	-1	0.00	*
2:215591760	   75.0	   41.5	    1.8	    6.1	   2.78	   2.95	  54.39	  -0.40	   0.00	--------	-1	0.00	*
1:85392079	   75.0	   41.5	    1.8	    0.8	   2.66	   2.83	 118.29	  -0.26	   0.00	--------	-1	0.00	*
10:3818964	   75.0	    0.0	 9999.9	    0.5	  21.74	  22.58	 130.79	  -0.25	   0.00	--------	-1	0.00	*
15:75128622	   75.0	   41.5	    1.8	    0.6	   2.66	   2.83	 127.92	  -0.39	   0.00	--------	-1	0.00	*
17:42473656	   75.0	    0.0	 9999.9	    1.1	  21.74	  22.58	 105.35	  -0.30	   0.00	--------	-1	0.00	*
4:2068084	   75.0	   41.5	    1.8	    5.0	   2.66	   2.83	  58.86	  -0.41	   0.78	--------	-1	0.00	*
16:48386184	   75.0	   40.4	    1.9	    9.2	   2.81	   2.99	  41.03	  -0.67	   0.00	--------	-1	0.00	*
3:33192973	   75.0	   41.5	    1.8	    4.3	   2.66	   2.83	  63.66	  -0.52	   0.00	--------	-1	0.00	*
4:7033942	   74.8	   41.5	    1.8	    0.3	   2.66	   2.83	 144.48	  -0.41	   0.00	--------	-1	0.00	*
22:38062879	   74.7	   42.5	    1.8	    0.9	   2.52	   2.69	 114.61	  -0.74	   0.16	--------	-1	0.00	*
3:49067252	   74.7	   38.2	    2.0	    0.5	   3.12	   3.32	 129.91	  -0.85	   0.00	--------	-1	0.00	*
17:38326905	   74.5	   41.5	    1.8	   49.8	   2.66	   2.83	   3.30	  -0.46	   0.00	--------	-1	0.00	*
2:204292157	   74.4	   39.3	    1.9	   14.5	   2.97	   3.15	  28.64	  -0.96	   0.00	--------	-1	0.00	*
7:42003018	   74.3	   41.5	    1.8	   12.5	   2.66	   2.83	  32.47	  -0.41	   0.00	--------	-1	0.00	*
7:99130137	   74.3	   41.5	    1.8	    0.5	   2.66	   2.83	 131.98	  -0.54	   0.37	--------	-1	0.00	*
20:62564490	   74.1	   41.5	    1.8	   10.1	   2.66	   2.83	  38.44	  -0.55	   0.32	--------	-1	0.00	*
7:116437633	   74.1	    0.0	 9999.9	    0.5	  21.75	  22.58	 131.98	  -0.12	   0.00	--------	-1	0.00	*
22:30728822	   74.1	   41.5	    1.8	    5.2	   2.66	   2.83	  58.03	  -0.47	   0.00	--------	-1	0.00	*
10:35928118	   74.0	   41.5	    1.8	    0.5	   2.55	   2.72	 128.63	  -0.40	   0.00	--------	-1	0.00	*
12:56144783	   74.0	   41.5	    1.8	    1.9	   2.55	   2.72	  87.53	  -0.49	   0.54	--------	-1	0.00	*
2:27845406	   74.0	   41.5	    1.8	   23.6	   2.55	   2.72	  16.15	  -0.49	   0.00	--------	-1	0.00	*
7:36364306	   73.9	   41.5	    1.8	    1.4	   2.55	   2.72	  97.19	  -0.44	   0.00	--------	-1	0.00	*
10:91344081	   73.8	   40.9	    1.8	    0.5	   2.70	   2.87	 128.63	  -0.71	   0.00	--------	-1	0.00	*
6:34557217	   73.7	   39.3	    1.9	    0.6	   2.85	   3.03	 125.00	  -0.75	   0.00	--------	-1	0.00	*
19:15225598	   73.6	   41.5	    1.8	    1.1	   2.55	   2.72	 103.74	  -0.50	   0.00	--------	-1	0.00	*
2:220403775	   73.6	   39.5	    1.9	    0.5	   2.85	   3.03	 130.78	  -0.65	   0.00	--------	-1	0.00	*
16:50264658	   73.4	   41.5	    1.8	   19.9	   2.55	   2.72	  20.08	  -0.40	   0.00	--------	-1	0.00	*
17:19238461	   73.2	   37.1	    2.0	    1.1	   3.17	   3.37	 103.54	  -0.71	   0.19	--------	-1	0.00	*
10:120445116	   73.1	   41.5	    1.8	   10.1	   2.55	   2.72	  37.49	  -0.35	   0.00	--------	-1	0.00	*
7:4807584	   73.1	   41.5	    1.8	   51.3	   2.55	   2.72	   2.77	  -0.52	   0.00	--------	-1	0.00	*
1:28826330	   73.0	   41.5	    1.8	    0.8	   2.45	   2.61	 114.32	  -0.53	   0.00	--------	-1	0.00	*
1:167757915	   73.0	   41.5	    1.8	   14.0	   2.45	   2.61	  28.13	  -0.60	   0.00	--------	-1	0.00	*
16:90033343	   73.0	   41.5	    1.8	    8.3	   2.45	   2.61	  42.03	  -0.47	   0.00	--------	-1	0.00	*
2:74330331	   73.0	   41.5	    1.8	   10.1	   2.45	   2.61	  36.83	  -0.35	   0.00	--------	-1	0.00	*
5:102538366	   73.0	   41.5	    1.8	    2.2	   2.45	   2.61	  81.82	  -0.47	   0.00	--------	-1	0.00	*
5:145493587	   73.0	   41.5	    1.8	    1.7	   2.45	   2.61	  89.36	  -0.67	   0.00	--------	-1	0.00	*
7:103008540	   73.0	   41.5	    1.8	    0.8	   2.45	   2.61	 114.65	  -0.72	   0.05	--------	-1	0.00	*
22:25591817	   72.8	   40.0	    1.8	    6.7	   2.74	   2.91	  48.20	  -0.43	   0.38	--------	-1	0.00	*
19:18307485	   72.7	   41.5	    1.8	    5.0	   2.45	   2.61	  56.91	  -0.34	   0.00	--------	-1	0.00	*
1:234741045	   72.7	   41.5	    1.8	    7.7	   2.45	   2.61	  44.42	  -0.55	   0.00	--------	-1	0.00	*
7:156474452	   72.6	   41.5	    1.8	   15.1	   2.45	   2.61	  26.18	  -0.66	   0.00	--------	-1	0.00	*
16:57286702	   72.5	   40.7	    1.8	    0.7	   2.59	   2.76	 118.07	  -0.59	   0.00	--------	-1	0.00	*
12:32896914	   72.4	   41.5	    1.7	    5.0	   2.45	   2.61	  56.87	  -0.47	   0.23	--------	-1	0.00	*
17:40004888	   72.4	   39.9	    1.8	    1.1	   2.74	   2.91	 101.73	  -0.94	   0.00	--------	-1	0.00	*
1:33790400	   72.1	   41.5	    1.7	    0.8	   2.45	   2.61	 114.32	  -0.55	   0.00	--------	-1	0.00	*
10:126310964	   72.0	   41.5	    1.7	    0.5	   2.34	   2.50	 124.33	  -0.29	   0.00	--------	-1	0.00	*
21:16336970	   72.0	   41.5	    1.7	    7.9	   2.34	   2.50	  42.60	  -0.81	   0.00	--------	-1	0.00	*
22:18218245	   72.0	   41.5	    1.7	    0.9	   2.34	   2.50	 108.81	  -0.66	   0.00	--------	-1	0.00	*
3:125166420	   72.0	   41.5	    1.7	    3.8	   2.34	   2.50	  63.67	  -0.57	   0.00	--------	-1	0.00	*
X:69640600	   71.9	   41.5	    1.7	    0.4	   2.34	   2.50	 133.54	  -0.66	   0.00	--------	-1	0.00	*
1:184662022	   71.9	   41.5	    1.7	   13.2	   2.34	   2.50	  28.88	  -0.53	   0.00	--------	-1	0.00	*
12:131276224	   71.8	   41.5	    1.7	   34.8	   2.34	   2.50	   7.62	  -0.61	   0.00	--------	-1	0.00	*
8:22277775	   71.8	   40.4	    1.8	    7.0	   2.48	   2.64	  45.89	  -0.68	   0.39	--------	-1	0.00	*
