MOTIF gemanalysis_2_m0_p7_k8_c1142
letter-probability matrix: alength= 4 w= 8 nsites= 1142
0.569155	0.064199	0.267810	0.098836
0.715679	0.050437	0.207328	0.026557
0.901248	0.046205	0.038920	0.013627
0.476155	0.057395	0.392583	0.073867
0.588567	0.063230	0.283798	0.064406
0.859566	0.009500	0.077998	0.052937
0.965099	0.010671	0.019915	0.004314
0.953828	0.015366	0.018270	0.012536

MOTIF gemanalysis_2_m1_p4_k8_c590
letter-probability matrix: alength= 4 w= 8 nsites= 590
0.083699	0.801857	0.045319	0.069124
0.789767	0.064559	0.000605	0.145069
0.006775	0.000605	0.173373	0.819247
0.036663	0.045524	0.000605	0.917208
0.009588	0.057571	0.005671	0.927170
0.011066	0.000605	0.000605	0.987723
0.009020	0.983010	0.007365	0.000605
0.155267	0.060545	0.000605	0.783583

MOTIF gemanalysis_2_m2_p7_k8_c752
letter-probability matrix: alength= 4 w= 8 nsites= 752
0.019479	0.041682	0.003616	0.935224
0.001860	0.004119	0.167390	0.826631
0.038934	0.000520	0.006498	0.954049
0.901250	0.007275	0.005432	0.086043
0.182339	0.005825	0.000520	0.811316
0.006485	0.003485	0.000520	0.989510
0.140815	0.271732	0.000520	0.586933
0.265594	0.284475	0.011587	0.438344

MOTIF gemanalysis_2_m3_p3_k8_c1006
letter-probability matrix: alength= 4 w= 8 nsites= 1006
0.707138	0.051790	0.168853	0.072219
0.872597	0.023809	0.072685	0.030910
0.922927	0.028833	0.020588	0.027651
0.343202	0.078176	0.029854	0.548767
0.166486	0.054937	0.355062	0.423514
0.136613	0.027248	0.282839	0.553299
0.237970	0.038965	0.030321	0.692744
0.155902	0.136080	0.135249	0.572769

MOTIF gemanalysis_2_m4_p1_k7_c821
letter-probability matrix: alength= 4 w= 7 nsites= 821
0.084369	0.073319	0.044583	0.797729
0.005440	0.010015	0.014089	0.970457
0.000404	0.933950	0.065241	0.000404
0.015141	0.114987	0.000404	0.869468
0.742737	0.127334	0.093389	0.036540
0.000404	0.943887	0.035271	0.020438
0.863705	0.054041	0.007316	0.074938

MOTIF gemanalysis_2_m5_p7_k9_c1040
letter-probability matrix: alength= 4 w= 9 nsites= 1040
0.070182	0.386147	0.055943	0.487728
0.049246	0.740446	0.028998	0.181310
0.146343	0.425748	0.027586	0.400324
0.077479	0.296641	0.022195	0.603685
0.064085	0.215720	0.006660	0.713535
0.052016	0.092798	0.013853	0.841332
0.014784	0.455916	0.006645	0.522655
0.005702	0.365470	0.007662	0.621167
0.004452	0.546917	0.006172	0.442459

MOTIF gemanalysis_2_m6_p3_k7_c796
letter-probability matrix: alength= 4 w= 7 nsites= 796
0.220310	0.099165	0.568031	0.112494
0.932070	0.000507	0.066916	0.000507
0.998479	0.000507	0.000507	0.000507
0.886486	0.105014	0.000507	0.007993
0.000507	0.000507	0.000507	0.998479
0.000507	0.000507	0.998479	0.000507
0.037876	0.063682	0.118463	0.779979

MOTIF gemanalysis_2_m7_p6_k9_c2778
letter-probability matrix: alength= 4 w= 6 nsites= 2778
0.004856	0.000732	0.000746	0.993666
0.025040	0.330298	0.000126	0.644536
0.000126	0.000126	0.000126	0.999622
0.031949	0.266651	0.492908	0.208493
0.004546	0.007199	0.112924	0.875332
0.734706	0.000338	0.000126	0.264830

MOTIF gemanalysis_2_m8_p8_k8_c916
letter-probability matrix: alength= 4 w= 8 nsites= 916
0.284841	0.035541	0.624851	0.054767
0.091813	0.000304	0.876395	0.031488
0.011296	0.217070	0.736820	0.034813
0.389697	0.318282	0.070969	0.221052
0.290033	0.096152	0.285915	0.327899
0.008808	0.090374	0.777293	0.123525
0.601220	0.055710	0.336178	0.006892
0.305124	0.066616	0.607100	0.021161

MOTIF gemanalysis_2_m9_p5_k7_c1503
letter-probability matrix: alength= 4 w= 7 nsites= 1503
0.959062	0.003772	0.018285	0.018880
0.564609	0.202819	0.230919	0.001654
0.995447	0.000256	0.004042	0.000256
0.274261	0.221669	0.499278	0.004792
0.021976	0.856943	0.120332	0.000749
0.920719	0.029955	0.021976	0.027350
0.192674	0.349872	0.439479	0.017975

MOTIF gemanalysis_2_m10_p4_k7_c438
letter-probability matrix: alength= 4 w= 7 nsites= 438
0.001001	0.001001	0.001001	0.996996
0.001001	0.758734	0.009447	0.230817
0.001001	0.049484	0.001001	0.948514
0.001001	0.001001	0.996996	0.001001
0.181976	0.001001	0.016740	0.800282
0.001001	0.734592	0.001001	0.263405
0.001001	0.001001	0.001001	0.996996

MOTIF gemanalysis_2_m11_p4_k6_c1563
letter-probability matrix: alength= 4 w= 6 nsites= 1563
0.153236	0.585962	0.033404	0.227398
0.195039	0.000236	0.000236	0.804488
0.000236	0.000236	0.999292	0.000236
0.000236	0.011439	0.000236	0.988089
0.109590	0.000236	0.000236	0.889938
0.016642	0.021331	0.024359	0.937668

