MOTIF gemanalysis_1_m0_p4_k8_c2840
letter-probability matrix: alength= 4 w= 6 nsites= 2840
0.387949	0.446954	0.045788	0.119309
0.466808	0.150233	0.007086	0.375872
0.029253	0.045505	0.096764	0.828478
0.026310	0.107429	0.032102	0.834159
0.047547	0.066984	0.023400	0.862069
0.105937	0.349513	0.026193	0.518356

MOTIF gemanalysis_1_m1_p9_k8_c846
letter-probability matrix: alength= 4 w= 8 nsites= 846
0.044547	0.022021	0.011507	0.921925
0.102906	0.009076	0.102139	0.785879
0.016539	0.004563	0.019056	0.959842
0.528164	0.005989	0.319580	0.146266
0.079626	0.006728	0.026336	0.887310
0.012882	0.011045	0.008716	0.967357
0.012772	0.153060	0.036288	0.797880
0.075446	0.199265	0.095456	0.629834

MOTIF gemanalysis_1_m2_p5_k8_c3207
letter-probability matrix: alength= 4 w= 6 nsites= 3207
0.086991	0.135184	0.105548	0.672277
0.211631	0.167297	0.055197	0.565876
0.386833	0.465537	0.070977	0.076653
0.468838	0.432349	0.056170	0.042642
0.524331	0.020049	0.416017	0.039604
0.486985	0.037401	0.444707	0.030906

MOTIF gemanalysis_1_m3_p8_k8_c736
letter-probability matrix: alength= 4 w= 8 nsites= 736
0.000748	0.000748	0.000748	0.997757
0.187275	0.215572	0.392850	0.204303
0.000748	0.000748	0.000748	0.997757
0.149207	0.059993	0.790053	0.000748
0.000748	0.000748	0.309159	0.689346
0.997757	0.000748	0.000748	0.000748
0.204370	0.149302	0.645580	0.000748
0.997757	0.000748	0.000748	0.000748

MOTIF gemanalysis_1_m4_p4_k7_c739
letter-probability matrix: alength= 4 w= 7 nsites= 739
0.104936	0.006779	0.065146	0.823139
0.007249	0.015213	0.977076	0.000463
0.000463	0.104270	0.135471	0.759797
0.968006	0.000463	0.031068	0.000463
0.000463	0.067851	0.921364	0.010323
0.952882	0.006969	0.000463	0.039686
0.743609	0.060238	0.093813	0.102340

MOTIF gemanalysis_1_m5_p4_k7_c1863
letter-probability matrix: alength= 4 w= 5 nsites= 1863
0.007384	0.973175	0.010988	0.008453
0.940602	0.056103	0.000196	0.003099
0.027429	0.004205	0.966052	0.002314
0.009478	0.971371	0.018955	0.000196
0.485110	0.211811	0.009226	0.293853

MOTIF gemanalysis_1_m6_p3_k9_c930
letter-probability matrix: alength= 4 w= 8 nsites= 930
0.087422	0.231292	0.061029	0.620256
0.097240	0.200240	0.065873	0.636648
0.000131	0.648000	0.000131	0.351737
0.000131	0.206641	0.000131	0.793096
0.000131	0.240498	0.000131	0.759239
0.000131	0.633023	0.000131	0.366714
0.191485	0.580901	0.040124	0.187490
0.109749	0.670022	0.102920	0.117309

MOTIF gemanalysis_1_m7_p6_k7_c1292
letter-probability matrix: alength= 4 w= 7 nsites= 1292
0.034467	0.054815	0.049593	0.861124
0.000377	0.590603	0.006603	0.402417
0.077986	0.780310	0.017432	0.124272
0.078393	0.153758	0.000377	0.767472
0.007706	0.014332	0.008476	0.969486
0.009586	0.219877	0.000377	0.770160
0.054726	0.391202	0.068881	0.485191

MOTIF gemanalysis_1_m8_p4_k7_c470
letter-probability matrix: alength= 4 w= 7 nsites= 470
0.222556	0.125874	0.609993	0.041576
0.899171	0.000735	0.097654	0.002440
0.990183	0.000735	0.008348	0.000735
0.000735	0.123109	0.006917	0.869239
0.089390	0.004369	0.010470	0.895771
0.000735	0.986522	0.012009	0.000735
0.057670	0.014503	0.000735	0.927093

MOTIF gemanalysis_1_m9_p3_k6_c2692
letter-probability matrix: alength= 4 w= 5 nsites= 2692
0.926681	0.008422	0.054814	0.010082
0.983773	0.000631	0.015430	0.000165
0.692760	0.267553	0.013280	0.026407
0.059922	0.021110	0.003155	0.915812
0.113921	0.017645	0.787739	0.080695

MOTIF gemanalysis_1_m10_p3_k6_c3406
letter-probability matrix: alength= 4 w= 5 nsites= 3406
0.123723	0.034493	0.107715	0.734069
0.038614	0.771617	0.020842	0.168927
0.101590	0.205674	0.024933	0.667803
0.013838	0.003112	0.726005	0.257045
0.040473	0.037516	0.183275	0.738737

MOTIF gemanalysis_1_m11_p5_k9_c362
letter-probability matrix: alength= 4 w= 9 nsites= 362
0.440823	0.086635	0.399679	0.072862
0.214230	0.021493	0.747782	0.016495
0.084200	0.003352	0.910433	0.002014
0.032919	0.534834	0.431334	0.000914
0.329637	0.053140	0.097095	0.520127
0.088971	0.007741	0.777644	0.125644
0.085661	0.082391	0.816797	0.015151
0.578209	0.022509	0.376559	0.022723
0.197785	0.039781	0.746169	0.016265

