DE gemanalysis_1_m0 4.85 4 k8_c2840
1 1102 1269 130 339 C
2 1326 427 20 1067 A
3 83 129 275 2353 T
4 75 305 91 2369 T
5 135 190 66 2448 T
6 301 993 74 1472 T
XX

DE gemanalysis_1_m1 7.95 9 k8_c846
1 38 19 10 780 T
2 87 8 86 665 T
3 14 4 16 812 T
4 447 5 270 124 A
5 67 6 22 751 T
6 11 9 7 818 T
7 11 129 31 675 T
8 64 169 81 533 T
XX

DE gemanalysis_1_m2 4.55 5 k8_c3207
1 279 434 338 2156 T
2 679 537 177 1815 T
3 1241 1493 228 246 C
4 1504 1387 180 137 A
5 1682 64 1334 127 A
6 1562 120 1426 99 A
XX

DE gemanalysis_1_m3 7.64 8 k8_c736
1 1 1 1 734 T
2 138 159 289 150 G
3 1 1 1 734 T
4 110 44 581 1 G
5 1 1 228 507 T
6 734 1 1 1 A
7 150 110 475 1 G
8 734 1 1 1 A
XX

DE gemanalysis_1_m4 8.24 4 k7_c739
1 78 5 48 608 T
2 5 11 722 0 G
3 0 77 100 561 T
4 715 0 23 0 A
5 0 50 681 8 G
6 704 5 0 29 A
7 550 45 69 76 A
XX

DE gemanalysis_1_m5 5.58 4 k7_c1863
1 14 1813 20 16 C
2 1752 105 0 6 A
3 51 8 1800 4 G
4 18 1810 35 0 C
5 904 395 17 547 A
XX

DE gemanalysis_1_m6 8.02 3 k9_c930
1 81 215 57 577 T
2 90 186 61 592 T
3 0 603 0 327 C
4 0 192 0 738 T
5 0 224 0 706 T
6 0 589 0 341 C
7 178 540 37 174 C
8 102 623 96 109 C
XX

DE gemanalysis_1_m7 7.24 6 k7_c1292
1 45 71 64 1113 T
2 0 763 9 520 C
3 101 1008 23 161 C
4 101 199 0 992 T
5 10 19 11 1253 T
6 12 284 0 995 T
7 71 505 89 627 T
XX

DE gemanalysis_1_m8 8.00 4 k7_c470
1 105 59 287 20 G
2 423 0 46 1 A
3 465 0 4 0 A
4 0 58 3 409 T
5 42 2 5 421 T
6 0 464 6 0 C
7 27 7 0 436 T
XX

DE gemanalysis_1_m9 4.88 3 k6_c2692
1 2495 23 148 27 A
2 2648 2 42 0 A
3 1865 720 36 71 A
4 161 57 8 2465 T
5 307 48 2121 217 G
XX

DE gemanalysis_1_m10 4.99 3 k6_c3406
1 421 117 367 2500 T
2 132 2628 71 575 C
3 346 701 85 2275 T
4 47 11 2473 875 G
5 138 128 624 2516 T
XX

DE gemanalysis_1_m11 9.75 5 k9_c362
1 160 31 145 26 A
2 78 8 271 6 G
3 30 1 330 1 G
4 12 194 156 0 C
5 119 19 35 188 T
6 32 3 282 45 G
7 31 30 296 5 G
8 209 8 136 8 A
9 72 14 270 6 G
XX

