MEME version 4

ALPHABET= ACGT

strands: + -

Background letter frequencies
A 0.290 C 0.208 G 0.209 T 0.292 

MOTIF gemanalysis_1_m0_p7_k9_c1289
letter-probability matrix: alength= 4 w= 9 nsites= 1289
0.215875	0.049684	0.589900	0.144541
0.301776	0.052357	0.518134	0.127733
0.510655	0.049834	0.332652	0.106859
0.366820	0.041365	0.508472	0.083343
0.653102	0.027468	0.255312	0.064119
0.459450	0.014695	0.491673	0.034182
0.540545	0.015418	0.425480	0.018557
0.708412	0.013429	0.253587	0.024571
0.666737	0.016973	0.233222	0.083068

MOTIF gemanalysis_1_m1_p5_k8_c1013
letter-probability matrix: alength= 4 w= 8 nsites= 1013
0.099901	0.619858	0.083809	0.196432
0.405425	0.468194	0.025666	0.100715
0.342902	0.125875	0.075150	0.456072
0.126072	0.023030	0.000256	0.850642
0.005787	0.032837	0.013030	0.948346
0.018682	0.122038	0.009553	0.849726
0.005729	0.574644	0.012140	0.407487
0.320526	0.417582	0.013487	0.248405

MOTIF gemanalysis_1_m2_p1_k8_c1241
letter-probability matrix: alength= 4 w= 8 nsites= 1241
0.533441	0.075325	0.303397	0.087838
0.740875	0.035798	0.212398	0.010929
0.986797	0.002748	0.007503	0.002952
0.965373	0.004344	0.023395	0.006888
0.134804	0.011041	0.399403	0.454752
0.665235	0.005402	0.238010	0.091354
0.945322	0.009679	0.036428	0.008571
0.950504	0.007109	0.017041	0.025345

MOTIF gemanalysis_1_m3_p7_k8_c1243
letter-probability matrix: alength= 4 w= 8 nsites= 1243
0.411322	0.016471	0.378599	0.193609
0.038272	0.005454	0.932322	0.023952
0.271033	0.000303	0.720191	0.008473
0.855712	0.006722	0.129362	0.008205
0.901749	0.000303	0.097645	0.000303
0.581001	0.016791	0.384090	0.018118
0.444350	0.000303	0.513155	0.042193
0.860587	0.001032	0.130573	0.007808

MOTIF gemanalysis_1_m4_p7_k8_c654
letter-probability matrix: alength= 4 w= 8 nsites= 654
0.157868	0.094516	0.134051	0.613564
0.087224	0.042226	0.024836	0.845714
0.085500	0.061453	0.033970	0.819077
0.047480	0.134874	0.103965	0.713681
0.043100	0.077095	0.109433	0.770371
0.438252	0.040023	0.064943	0.456782
0.807194	0.060257	0.104446	0.028102
0.642809	0.071527	0.140889	0.144775

MOTIF gemanalysis_1_m5_p4_k7_c808
letter-probability matrix: alength= 4 w= 7 nsites= 808
0.020302	0.000542	0.000542	0.978614
0.126356	0.773518	0.099584	0.000542
0.000542	0.000542	0.000542	0.998375
0.168011	0.120390	0.097889	0.613710
0.000542	0.998375	0.000542	0.000542
0.763161	0.000542	0.000542	0.235755
0.000542	0.003440	0.995477	0.000542

MOTIF gemanalysis_1_m6_p2_k7_c785
letter-probability matrix: alength= 4 w= 7 nsites= 785
0.850708	0.059056	0.089530	0.000707
0.000707	0.090742	0.000707	0.907844
0.917690	0.071998	0.009605	0.000707
0.146099	0.838175	0.005788	0.009938
0.901622	0.008127	0.000707	0.089544
0.000707	0.045669	0.929184	0.024440
0.122159	0.068659	0.047853	0.761329

MOTIF gemanalysis_1_m7_p2_k7_c746
letter-probability matrix: alength= 4 w= 7 nsites= 746
0.053448	0.820332	0.074206	0.052013
0.998655	0.000448	0.000448	0.000448
0.006366	0.008033	0.101023	0.884578
0.000448	0.163369	0.000448	0.835734
0.000448	0.108329	0.015277	0.875946
0.000448	0.107247	0.007792	0.884512
0.140351	0.852486	0.006715	0.000448

MOTIF gemanalysis_1_m8_p4_k7_c1136
letter-probability matrix: alength= 4 w= 7 nsites= 1136
0.115959	0.031675	0.017757	0.834609
0.377598	0.022229	0.007253	0.592920
0.015675	0.749283	0.008391	0.226651
0.534730	0.160971	0.030501	0.273798
0.228817	0.000519	0.753038	0.017626
0.433424	0.365479	0.187385	0.013711
0.949793	0.002186	0.033724	0.014297

MOTIF gemanalysis_1_m9_p7_k9_c815
letter-probability matrix: alength= 4 w= 9 nsites= 815
0.593302	0.038806	0.329234	0.038658
0.332604	0.008392	0.637067	0.021937
0.115524	0.011263	0.866660	0.006553
0.337478	0.284382	0.353156	0.024984
0.491904	0.064329	0.237282	0.206484
0.160373	0.032544	0.754923	0.052160
0.111402	0.014366	0.842773	0.031460
0.643333	0.014481	0.341614	0.000572
0.460057	0.060602	0.474853	0.004488

MOTIF gemanalysis_1_m10_p5_k6_c1512
letter-probability matrix: alength= 4 w= 6 nsites= 1512
0.198408	0.011449	0.246892	0.543251
0.000257	0.004416	0.995071	0.000257
0.000257	0.012829	0.692734	0.294181
0.963039	0.000257	0.013991	0.022713
0.000257	0.007925	0.984051	0.007768
0.999230	0.000257	0.000257	0.000257

MOTIF gemanalysis_1_m11_p3_k6_c712
letter-probability matrix: alength= 4 w= 6 nsites= 712
0.000522	0.000522	0.000522	0.998434
0.998434	0.000522	0.000522	0.000522
0.000522	0.998434	0.000522	0.000522
0.972712	0.000522	0.000522	0.026244
0.481773	0.000522	0.324698	0.193007
0.994269	0.004687	0.000522	0.000522

