Position	IP	Control	Fold	Expectd	Q_-lg10	P_-lg10	P_poiss	IPvsEMP	Noise	KmerGroup	MotifId	KG_score	Strand
10:74035137	 1559.9	  368.8	    4.2	    0.5	 170.20	 173.31	 999.00	  -0.25	   0.00	--------	-1	0.00	*
4:6643968	 1452.9	  642.6	    2.3	    2.5	  69.40	  71.25	 999.00	  -0.39	   0.00	--------	-1	0.00	*
10:74035620	 1342.1	   87.4	   15.4	    0.5	 284.64	 288.50	 999.00	  -0.29	   0.00	--------	-1	0.00	*
8:37557283	 1012.0	  290.3	    3.5	    1.9	  90.93	  93.13	 999.00	  -0.26	   0.00	--------	-1	0.00	*
5:179041692	  971.6	  102.3	    9.5	    3.0	 174.37	 177.51	 999.00	  -0.30	   0.00	--------	-1	0.00	*
1:150549673	  841.0	   20.7	   40.6	    7.6	 214.18	 217.65	 999.00	  -0.29	   0.00	--------	-1	0.00	*
4:6644373	  831.0	  228.1	    3.6	    2.5	  78.25	  80.25	 999.00	  -0.15	   0.00	--------	-1	0.00	*
19:36729252	  818.3	   41.5	   19.7	   24.3	 184.25	 187.48	 999.00	  -0.25	   0.00	--------	-1	0.00	*
19:36728710	  749.7	    0.0	 9999.9	   24.3	 222.15	 225.77	 999.00	  -0.23	   0.00	--------	-1	0.00	*
1:228286067	  731.0	  352.5	    2.1	    2.1	  29.54	  30.54	 999.00	  -0.34	   0.00	--------	-1	0.00	*
3:142775577	  686.6	  195.5	    3.5	   26.4	  62.42	  64.14	 999.00	  -0.27	   0.00	--------	-1	0.00	*
22:32353034	  654.6	  269.6	    2.4	    0.9	  36.03	  37.19	 999.00	  -0.41	   0.00	--------	-1	0.00	*
9:33039079	  590.9	  283.9	    2.1	    0.4	  24.31	  25.15	 999.00	  -0.39	   0.00	--------	-1	0.00	*
1:32662447	  573.4	  266.2	    2.2	    0.8	  25.30	  26.17	 999.00	  -0.32	   0.00	--------	-1	0.00	*
1:35649419	  547.1	  124.4	    4.4	    0.8	  61.88	  63.60	 999.00	  -0.29	   0.00	--------	-1	0.00	*
2:38972249	  544.0	   82.9	    6.6	   22.3	  81.52	  83.57	 999.00	  -0.16	   0.00	--------	-1	0.00	*
12:57057594	  541.9	  377.1	    1.4	    5.2	   7.14	   7.45	 999.00	  -0.55	   0.37	--------	-1	0.00	*
19:8028305	  525.0	   20.7	   25.3	    1.1	 124.07	 126.74	 999.00	  -0.25	   0.00	--------	-1	0.00	*
1:150547292	  521.4	  124.4	    4.2	   21.0	  56.51	  58.13	 999.00	  -0.29	   0.00	--------	-1	0.00	*
17:56081842	  517.0	   41.5	   12.5	  244.9	  49.86	 104.68	  51.34	  -0.28	   0.00	--------	-1	0.00	*
1:91382048	  513.0	    0.0	 9999.9	    5.3	 151.44	 154.43	 999.00	  -0.28	   0.00	--------	-1	0.00	*
8:37556577	  497.0	   41.5	   12.0	    1.9	  97.06	  99.35	 999.00	  -0.26	   0.00	--------	-1	0.00	*
13:73333353	  495.6	   14.8	   33.5	   10.6	 122.73	 125.39	 999.00	  -0.29	   0.00	--------	-1	0.00	*
1:150549843	  488.0	    0.0	 9999.9	    7.6	 143.97	 146.90	 999.00	  -0.15	   0.00	--------	-1	0.00	*
5:179156847	  476.0	  257.9	    1.8	   10.5	  14.90	  15.45	 999.00	  -0.54	   0.25	--------	-1	0.00	*
8:117859515	  447.4	  259.9	    1.7	    0.4	  11.66	  12.11	 999.00	  -0.56	   0.16	--------	-1	0.00	*
3:113439473	  439.2	  116.2	    3.8	    4.5	  43.24	  44.58	 999.00	  -0.28	   0.00	--------	-1	0.00	*
11:9467041	  434.0	  248.8	    1.7	    0.5	  11.70	  12.15	 999.00	  -0.50	   0.00	--------	-1	0.00	*
17:56081277	  426.0	  223.4	    1.9	  259.9	  14.49	  15.02	  21.00	  -0.46	   0.00	--------	-1	0.00	*
22:38881248	  422.8	   82.9	    5.1	    1.6	  53.90	  55.47	 999.00	  -0.30	   0.00	--------	-1	0.00	*
6:38645014	  418.0	  240.1	    1.7	   26.8	  11.25	  11.68	 999.00	  -0.52	   0.00	--------	-1	0.00	*
17:56081047	  414.0	  315.8	    1.3	  271.6	   3.66	   3.85	  15.43	  -0.54	   0.00	--------	-1	0.00	*
1:156712505	  413.0	  290.3	    1.4	   16.8	   5.37	   5.62	 999.00	  -0.48	   0.28	--------	-1	0.00	*
11:34121346	  411.6	  165.9	    2.5	  129.8	  23.85	  24.69	  85.85	  -0.45	   0.27	--------	-1	0.00	*
17:20903795	  411.0	  331.8	    1.2	    1.1	   2.53	   2.68	 999.00	  -0.38	   0.00	--------	-1	0.00	*
2:242291689	  408.5	  331.4	    1.2	   86.2	   2.43	   2.58	 138.09	  -0.41	   0.63	--------	-1	0.00	*
7:155100644	  408.2	  271.4	    1.5	    0.5	   6.77	   7.07	 999.00	  -0.50	   0.27	--------	-1	0.00	*
3:23962092	  405.4	  178.8	    2.3	    0.8	  20.11	  20.84	 999.00	  -0.39	   0.00	--------	-1	0.00	*
6:31797701	  397.5	  213.4	    1.9	    0.6	  12.85	  13.34	 999.00	  -0.43	   0.00	--------	-1	0.00	*
13:73284294	  395.6	  195.5	    2.0	    0.3	  15.56	  16.13	 999.00	  -0.32	   0.00	--------	-1	0.00	*
17:39847469	  393.5	  287.2	    1.4	    5.5	   4.33	   4.55	 999.00	  -0.57	   0.30	--------	-1	0.00	*
7:75958653	  391.2	  209.8	    1.9	    0.5	  12.79	  13.28	 999.00	  -0.48	   0.37	--------	-1	0.00	*
17:76220356	  387.3	  174.9	    2.2	    9.3	  18.46	  19.12	 999.00	  -0.46	   0.00	--------	-1	0.00	*
4:103718067	  381.1	  275.2	    1.4	   28.1	   4.47	   4.69	 281.11	  -0.35	   0.00	--------	-1	0.00	*
15:52844112	  378.0	   41.5	    9.1	   26.9	  66.47	  68.27	 283.11	  -0.07	   0.00	--------	-1	0.00	*
3:48198768	  377.8	  165.9	    2.3	    9.6	  18.92	  19.61	 999.00	  -0.44	   0.48	--------	-1	0.00	*
5:180003256	  376.4	   66.6	    5.7	    4.3	  51.52	  53.04	 999.00	  -0.26	   0.00	--------	-1	0.00	*
1:32830984	  375.0	    0.0	 9999.9	    6.7	 110.40	 112.89	 999.00	  -0.27	   0.00	--------	-1	0.00	*
16:69362784	  362.0	  165.9	    2.2	    3.8	  16.74	  17.35	 999.00	  -0.39	   0.63	--------	-1	0.00	*
4:6643629	  359.2	  169.9	    2.1	    2.5	  15.70	  16.28	 999.00	  -0.40	   0.00	--------	-1	0.00	*
1:115259665	  357.1	  151.5	    2.4	    7.3	  19.08	  19.77	 999.00	  -0.36	   0.00	--------	-1	0.00	*
8:98738220	  355.4	  226.2	    1.6	   37.1	   6.99	   7.29	 212.83	  -0.35	   0.00	--------	-1	0.00	*
17:4848994	  355.0	  228.1	    1.6	    1.1	   6.69	   6.98	 999.00	  -0.59	   0.00	--------	-1	0.00	*
22:30730269	  350.0	  186.6	    1.9	    2.0	  11.59	  12.03	 999.00	  -0.38	   0.00	--------	-1	0.00	*
6:21598180	  348.0	  124.4	    2.8	    4.0	  24.11	  24.95	 999.00	  -0.19	   0.00	--------	-1	0.00	*
1:62916845	  347.2	  145.2	    2.4	    6.3	  18.96	  19.65	 999.00	  -0.45	   0.00	--------	-1	0.00	*
2:96851999	  343.2	  158.1	    2.2	    0.4	  15.70	  16.28	 999.00	  -0.32	   0.00	--------	-1	0.00	*
10:102123247	  342.5	  270.8	    1.3	   35.9	   2.53	   2.69	 204.56	  -0.50	   0.37	--------	-1	0.00	*
18:32917101	  341.0	   82.9	    4.1	   18.9	  36.60	  37.78	 290.30	  -0.29	   0.00	--------	-1	0.00	*
1:225977732	  338.0	  186.6	    1.8	    4.2	  10.26	  10.66	 999.00	  -0.55	   0.00	--------	-1	0.00	*
18:33290000	  336.6	  155.9	    2.2	   33.0	  15.36	  15.92	 209.83	  -0.42	   0.00	--------	-1	0.00	*
17:76219953	  335.0	  145.2	    2.3	    9.3	  17.10	  17.73	 999.00	  -0.41	   0.00	--------	-1	0.00	*
3:73117423	  331.1	    0.0	 9999.9	   90.1	  82.61	  99.94	  84.68	  -0.27	   0.00	--------	-1	0.00	*
5:175936527	  329.4	  140.3	    2.3	    0.5	  17.46	  18.10	 999.00	  -0.43	   0.00	--------	-1	0.00	*
3:128888266	  327.0	    0.0	 9999.9	    0.6	  96.17	  98.44	 999.00	  -0.10	   0.00	--------	-1	0.00	*
12:121202474	  319.0	   82.9	    3.8	    9.0	  32.23	  33.29	 999.00	  -0.28	   0.00	--------	-1	0.00	*
5:148733882	  315.5	  207.4	    1.5	    1.2	   5.61	   5.86	 999.00	  -0.42	   0.00	--------	-1	0.00	*
X:106893555	  309.0	  228.1	    1.4	    0.4	   3.31	   3.49	 999.00	  -0.46	   0.00	--------	-1	0.00	*
3:113440572	  308.0	   20.7	   14.9	    2.6	  64.37	  66.14	 999.00	  -0.02	   0.00	--------	-1	0.00	*
10:102121450	  305.9	  158.7	    1.9	   12.1	  10.94	  11.36	 302.79	  -0.51	   0.00	--------	-1	0.00	*
1:226334072	  305.8	   82.1	    3.7	    0.8	  29.70	  30.70	 999.00	  -0.26	   0.00	--------	-1	0.00	*
12:106632513	  305.0	  145.2	    2.1	    0.7	  13.06	  13.56	 999.00	  -0.37	   0.00	--------	-1	0.00	*
16:85711384	  303.2	  197.6	    1.5	    1.6	   5.63	   5.89	 999.00	  -0.53	   0.00	--------	-1	0.00	*
15:49171113	  297.0	  228.1	    1.3	    0.5	   2.60	   2.76	 999.00	  -0.50	   0.00	--------	-1	0.00	*
1:91382307	  295.0	    0.0	 9999.9	    5.3	  86.65	  88.80	 999.00	  -0.18	   0.00	--------	-1	0.00	*
16:87864237	  293.6	  189.6	    1.5	   32.4	   5.63	   5.88	 169.71	  -0.34	   0.00	--------	-1	0.00	*
1:154556757	  290.5	  186.6	    1.6	    4.2	   5.69	   5.95	 999.00	  -0.42	   0.00	--------	-1	0.00	*
4:141303053	  288.0	  124.4	    2.3	   22.8	  14.93	  15.48	 203.42	  -0.29	   0.00	--------	-1	0.00	*
21:46225953	  288.0	  119.1	    2.4	    0.4	  16.02	  16.61	 999.00	  -0.43	   0.00	--------	-1	0.00	*
3:133538902	  287.0	   82.9	    3.5	    6.1	  26.10	  27.00	 999.00	  -0.24	   0.00	--------	-1	0.00	*
9:77562908	  286.0	    0.0	 9999.9	    0.4	  84.00	  86.09	 999.00	  -0.25	   0.00	--------	-1	0.00	*
1:151024895	  285.0	  165.9	    1.7	   46.8	   7.62	   7.94	 121.78	  -0.42	   0.00	--------	-1	0.00	*
11:105967874	  285.0	  145.2	    2.0	    0.5	  10.58	  11.00	 999.00	  -0.54	   0.00	--------	-1	0.00	*
12:124082587	  285.0	    0.0	 9999.9	    0.7	  83.71	  85.79	 999.00	  -0.26	   0.00	--------	-1	0.00	*
22:39079897	  284.4	  201.0	    1.4	    0.9	   3.81	   4.01	 999.00	  -0.53	   0.00	--------	-1	0.00	*
19:811568	  280.5	  170.2	    1.6	   44.6	   6.60	   6.89	 123.52	  -0.41	   0.00	--------	-1	0.00	*
X:53406357	  276.2	  196.4	    1.4	    5.1	   3.67	   3.86	 999.00	  -0.42	   0.00	--------	-1	0.00	*
X:112020797	  275.5	  202.0	    1.4	  210.3	   3.13	   3.31	   5.07	  -0.47	   0.00	--------	-1	0.00	*
8:127565107	  275.0	   41.5	    6.6	   52.5	  41.40	  42.69	 102.83	  -0.29	   0.77	--------	-1	0.00	*
13:53049900	  270.0	   41.5	    6.5	   23.7	  40.23	  41.50	 179.89	  -0.28	   0.00	--------	-1	0.00	*
X:133634333	  267.6	  183.9	    1.5	    0.4	   4.13	   4.34	 999.00	  -0.39	   0.66	--------	-1	0.00	*
15:48634523	  267.0	  165.9	    1.6	    6.4	   5.89	   6.16	 321.22	  -0.55	   0.27	--------	-1	0.00	*
12:118582928	  265.9	  139.6	    1.9	    0.9	   9.32	   9.70	 999.00	  -0.38	   0.00	--------	-1	0.00	*
X:73805688	  264.0	  103.7	    2.5	    0.4	  16.15	  16.74	 999.00	  -0.28	   0.00	--------	-1	0.00	*
17:45760134	  263.2	  129.1	    2.0	    1.1	  10.76	  11.18	 999.00	  -0.37	   0.00	--------	-1	0.00	*
1:201939213	  262.0	  153.8	    1.7	    0.8	   6.88	   7.18	 999.00	  -0.62	   0.00	--------	-1	0.00	*
10:121590957	  261.0	  103.7	    2.5	    9.5	  15.69	  16.27	 267.95	  -0.27	   0.00	--------	-1	0.00	*
13:41702755	  258.4	    0.0	 9999.9	    0.3	  76.00	  77.97	 999.00	  -0.27	   0.00	--------	-1	0.00	*
18:33688744	  257.0	  124.4	    2.1	    0.3	  10.77	  11.19	 999.00	  -0.35	   0.00	--------	-1	0.00	*
4:1695221	  252.7	  179.7	    1.4	    0.3	   3.40	   3.58	 999.00	  -0.39	   0.00	--------	-1	0.00	*
14:103808191	  250.9	  103.7	    2.4	   13.7	  14.20	  14.73	 215.26	  -0.29	   0.00	--------	-1	0.00	*
2:87001006	  249.8	    9.5	   26.2	    0.6	  59.07	  60.74	 999.00	  -0.28	   0.00	--------	-1	0.00	*
1:115259976	  248.9	  159.5	    1.6	    7.3	   4.96	   5.20	 278.59	  -0.36	   0.00	--------	-1	0.00	*
6:18225539	  248.1	  103.7	    2.4	    4.7	  13.91	  14.43	 999.00	  -0.49	   0.00	--------	-1	0.00	*
12:98941969	  245.8	  165.9	    1.5	    0.7	   4.11	   4.32	 999.00	  -0.30	   0.00	--------	-1	0.00	*
1:151220972	  245.6	  157.0	    1.6	   21.1	   4.92	   5.16	 166.25	  -0.59	   0.33	--------	-1	0.00	*
17:2587682	  245.4	  114.2	    2.1	    1.1	  11.21	  11.64	 999.00	  -0.43	   0.00	--------	-1	0.00	*
9:110092602	  244.9	  126.7	    1.9	    9.6	   8.96	   9.32	 244.16	  -0.56	   0.32	--------	-1	0.00	*
2:242291787	  243.5	  104.1	    2.3	   86.2	  12.97	  13.45	  43.32	  -0.47	   0.63	--------	-1	0.00	*
12:124081761	  239.8	  186.6	    1.3	    0.7	   2.09	   2.23	 999.00	  -0.49	   0.00	--------	-1	0.00	*
22:38203175	  239.0	    0.0	 9999.9	    0.9	  70.08	  71.95	 999.00	  -0.23	   0.00	--------	-1	0.00	*
2:62095694	  236.6	  121.3	    2.0	    1.9	   8.83	   9.19	 999.00	  -0.59	   0.00	--------	-1	0.00	*
6:7290091	  235.0	   82.9	    2.8	    0.6	  16.93	  17.55	 999.00	  -0.12	   0.00	--------	-1	0.00	*
4:17625495	  232.2	  124.4	    1.9	   26.2	   7.89	   8.22	 132.97	  -0.74	   0.38	--------	-1	0.00	*
17:57771529	  232.0	  115.5	    2.0	    1.1	   9.36	   9.74	 999.00	  -0.37	   0.00	--------	-1	0.00	*
1:235330351	  231.7	  103.7	    2.2	    0.8	  11.49	  11.94	 999.00	  -0.43	   0.00	--------	-1	0.00	*
12:6857185	  230.2	  117.6	    2.0	    0.7	   8.78	   9.13	 999.00	  -0.63	   0.00	--------	-1	0.00	*
17:1325253	  226.0	   82.9	    2.7	    1.7	  15.46	  16.03	 999.00	  -0.25	   0.00	--------	-1	0.00	*
1:40538256	  225.6	  172.1	    1.3	   19.4	   2.20	   2.34	 152.80	  -0.47	   0.00	--------	-1	0.00	*
3:43390429	  225.4	    0.0	 9999.9	    0.5	  66.24	  68.03	 999.00	  -0.30	   0.00	--------	-1	0.00	*
6:109688856	  225.0	  102.4	    2.2	    5.3	  10.88	  11.30	 273.86	  -0.46	   0.00	--------	-1	0.00	*
22:45592757	  223.6	  124.4	    1.8	    5.2	   6.89	   7.19	 273.38	  -0.52	   0.00	--------	-1	0.00	*
3:185635178	  222.7	  125.0	    1.8	    1.1	   6.64	   6.93	 999.00	  -0.56	   0.00	--------	-1	0.00	*
7:6443429	  221.3	  119.7	    1.8	    0.5	   7.41	   7.72	 999.00	  -0.64	   0.00	--------	-1	0.00	*
6:30568815	  221.2	  120.4	    1.8	    0.6	   7.26	   7.57	 999.00	  -0.43	   0.00	--------	-1	0.00	*
7:73610161	  221.0	  124.4	    1.8	   12.1	   6.57	   6.86	 189.68	  -0.54	   0.00	--------	-1	0.00	*
15:69072356	  219.0	   20.7	   10.6	    0.5	  41.04	  42.32	 999.00	  -0.27	   0.00	--------	-1	0.00	*
6:24706330	  218.0	   82.9	    2.6	    2.4	  14.19	  14.71	 999.00	  -0.23	   0.00	--------	-1	0.00	*
5:148731285	  217.3	    0.0	 9999.9	    1.2	  63.87	  65.62	 999.00	  -0.29	   0.00	--------	-1	0.00	*
1:32799635	  217.3	  121.2	    1.8	   45.7	   6.67	   6.97	  74.72	  -0.70	   0.19	--------	-1	0.00	*
12:4409991	  215.8	  123.0	    1.8	    0.7	   6.33	   6.60	 999.00	  -0.46	   0.00	--------	-1	0.00	*
20:43535535	  215.2	  112.0	    1.9	    0.7	   7.81	   8.14	 999.00	  -0.77	   0.32	--------	-1	0.00	*
4:89442493	  214.2	  113.1	    1.9	    0.3	   7.54	   7.86	 999.00	  -0.57	   0.00	--------	-1	0.00	*
16:67904980	  209.0	  143.2	    1.5	    4.1	   3.32	   3.50	 268.47	  -0.66	   0.00	--------	-1	0.00	*
15:78792733	  208.0	    0.0	 9999.9	    3.0	  60.92	  62.61	 294.80	  -0.27	   0.00	--------	-1	0.00	*
18:55268645	  207.9	  108.6	    1.9	    2.3	   7.52	   7.84	 319.73	  -0.33	   0.00	--------	-1	0.00	*
1:161091504	  207.0	   82.9	    2.5	    0.9	  12.48	  12.96	 999.00	  -0.35	   0.00	--------	-1	0.00	*
7:133979400	  206.8	   82.9	    2.5	    0.5	  12.48	  12.96	 999.00	  -0.48	   0.00	--------	-1	0.00	*
9:123941670	  205.6	   82.9	    2.5	    6.3	  12.34	  12.80	 226.99	  -0.41	   0.00	--------	-1	0.00	*
2:10269756	  205.0	  124.4	    1.6	    0.4	   4.97	   5.20	 999.00	  -0.49	   0.00	--------	-1	0.00	*
1:200375622	  204.8	   82.9	    2.5	    1.1	  12.18	  12.65	 999.00	  -0.31	   0.00	--------	-1	0.00	*
22:22116945	  204.0	  103.7	    2.0	   45.2	   7.99	   8.32	  66.80	  -0.44	   0.00	--------	-1	0.00	*
11:59343468	  203.1	   82.9	    2.4	   33.5	  12.03	  12.49	  87.63	  -0.39	   0.00	--------	-1	0.00	*
17:1800660	  203.0	  124.4	    1.6	    1.1	   4.88	   5.11	 999.00	  -0.38	   0.00	--------	-1	0.00	*
12:69235632	  203.0	   41.5	    4.9	   92.4	  22.47	  26.30	  23.26	  -0.21	   0.00	--------	-1	0.00	*
1:44170138	  203.0	   82.9	    2.4	    0.9	  11.89	  12.34	 999.00	  -0.46	   0.00	--------	-1	0.00	*
17:27591456	  202.7	  111.1	    1.8	    1.1	   6.50	   6.78	 999.00	  -0.71	   0.00	--------	-1	0.00	*
3:113439882	  202.3	  111.9	    1.8	    4.5	   6.50	   6.78	 251.48	  -0.47	   0.00	--------	-1	0.00	*
14:103808644	  201.8	   82.9	    2.4	   14.5	  11.74	  12.19	 151.20	  -0.34	   0.00	--------	-1	0.00	*
17:28575264	  199.7	  118.8	    1.7	    1.1	   5.23	   5.47	 999.00	  -0.73	   0.38	--------	-1	0.00	*
X:20143631	  199.2	   82.9	    2.4	    0.6	  11.44	  11.88	 999.00	  -0.38	   0.00	--------	-1	0.00	*
1:228682053	  197.3	  124.4	    1.6	    6.6	   4.32	   4.54	 210.41	  -0.57	   0.00	--------	-1	0.00	*
12:117582015	  197.0	   82.9	    2.4	   12.3	  11.00	  11.43	 158.86	  -0.47	   0.59	--------	-1	0.00	*
14:103807696	  196.1	   82.9	    2.4	   12.2	  11.00	  11.43	 159.21	  -0.47	   0.00	--------	-1	0.00	*
19:2428288	  195.5	   82.9	    2.4	   10.4	  10.86	  11.28	 170.65	  -0.41	   0.76	--------	-1	0.00	*
1:38147912	  195.0	   82.9	    2.4	    2.2	  10.72	  11.13	 298.56	  -0.40	   0.00	--------	-1	0.00	*
12:106631902	  195.0	   82.9	    2.4	    0.7	  10.72	  11.13	 999.00	  -0.35	   0.00	--------	-1	0.00	*
1:78161932	  193.1	   82.9	    2.3	    7.1	  10.57	  10.98	 199.28	  -0.40	   0.00	--------	-1	0.00	*
17:38458543	  192.0	   41.5	    4.6	    1.1	  22.87	  23.68	 999.00	  -0.27	   0.00	--------	-1	0.00	*
1:44170840	  186.0	   62.2	    3.0	    0.8	  14.32	  14.85	 999.00	  -0.27	   0.00	--------	-1	0.00	*
6:7882302	  185.3	  135.5	    1.4	    9.1	   2.36	   2.51	 168.84	  -0.53	   0.00	--------	-1	0.00	*
7:138731522	  185.0	   80.9	    2.3	   13.1	   9.72	  10.10	 139.89	  -0.42	   0.00	--------	-1	0.00	*
1:42644710	  184.3	    0.0	 9999.9	    3.9	  54.12	  55.69	 232.47	  -0.19	   0.00	--------	-1	0.00	*
1:205682856	  184.2	  102.4	    1.8	  139.5	   3.68	   6.11	   3.87	  -0.73	   0.00	--------	-1	0.00	*
1:227174835	  182.5	  128.6	    1.4	    4.5	   2.72	   2.88	 218.55	  -0.57	   0.00	--------	-1	0.00	*
5:179157608	  182.2	   89.2	    2.0	   10.5	   7.70	   8.02	 153.47	  -0.46	   0.25	--------	-1	0.00	*
1:207967689	  182.0	  134.9	    1.3	   31.3	   2.24	   2.38	  76.08	  -0.46	   0.29	--------	-1	0.00	*
15:69071386	  181.3	   79.2	    2.3	    0.5	   9.50	   9.88	 999.00	  -0.45	   0.00	--------	-1	0.00	*
1:55316626	  181.3	   99.1	    1.8	    0.8	   5.96	   6.22	 999.00	  -0.65	   0.00	--------	-1	0.00	*
6:159186973	  181.0	  103.7	    1.7	    0.6	   5.28	   5.53	 999.00	  -0.38	   0.00	--------	-1	0.00	*
3:149683727	  180.8	  100.0	    1.8	    0.5	   5.84	   6.11	 999.00	  -0.44	   0.00	--------	-1	0.00	*
9:134372967	  180.5	  102.6	    1.8	    0.4	   5.42	   5.67	 999.00	  -0.62	   0.00	--------	-1	0.00	*
7:155100378	  179.7	   90.8	    2.0	    0.5	   7.15	   7.46	 999.00	  -0.72	   0.27	--------	-1	0.00	*
5:128449137	  179.7	   82.9	    2.2	    0.5	   8.62	   8.97	 999.00	  -0.37	   0.00	--------	-1	0.00	*
16:30959406	  179.0	   82.9	    2.2	    0.7	   8.48	   8.83	 999.00	  -0.44	   0.53	--------	-1	0.00	*
5:137842686	  177.6	  100.8	    1.8	    0.5	   5.38	   5.63	 999.00	  -0.59	   0.29	--------	-1	0.00	*
20:32264256	  175.9	  104.9	    1.7	    0.7	   4.64	   4.87	 999.00	  -0.61	   0.00	--------	-1	0.00	*
1:32662074	  175.5	   24.2	    7.3	    0.8	  27.78	  28.73	 999.00	  -0.27	   0.00	--------	-1	0.00	*
12:49085022	  175.2	  104.6	    1.7	    0.7	   4.64	   4.87	 999.00	  -0.64	   0.37	--------	-1	0.00	*
5:135515554	  174.3	  120.6	    1.4	   80.4	   2.83	   3.00	  19.53	  -0.36	   0.00	--------	-1	0.00	*
9:139335965	  174.2	   87.7	    2.0	    0.6	   7.05	   7.36	 999.00	  -0.64	   0.25	--------	-1	0.00	*
1:207222098	  173.9	   41.5	    4.2	    0.8	  19.17	  19.86	 999.00	  -0.30	   0.00	--------	-1	0.00	*
2:203631576	  173.7	   41.5	    4.2	    0.4	  19.17	  19.86	 999.00	  -0.27	   0.00	--------	-1	0.00	*
13:77456708	  172.2	   82.9	    2.1	    5.2	   7.70	   8.02	 191.96	  -0.45	   0.00	--------	-1	0.00	*
X:133562260	  169.2	  104.1	    1.6	   66.3	   4.07	   4.27	  26.00	  -0.60	   0.00	--------	-1	0.00	*
10:70931990	  169.0	    0.0	 9999.9	    9.0	  49.40	  50.87	 147.07	  -0.26	   0.00	--------	-1	0.00	*
22:30972967	  168.6	   97.8	    1.7	    0.9	   4.85	   5.08	 315.92	  -0.74	   0.00	--------	-1	0.00	*
13:73283826	  168.4	   74.1	    2.3	    0.3	   8.72	   9.08	 999.00	  -0.39	   0.00	--------	-1	0.00	*
6:36078073	  167.5	   89.8	    1.9	    4.0	   5.90	   6.16	 203.46	  -0.57	   0.18	--------	-1	0.00	*
9:140098692	  167.1	  122.9	    1.4	    0.4	   2.17	   2.31	 999.00	  -0.41	   0.00	--------	-1	0.00	*
1:154179266	  167.1	   89.0	    1.9	    0.8	   5.90	   6.16	 321.91	  -0.72	   0.26	--------	-1	0.00	*
15:81046957	  167.0	   82.9	    2.0	    0.5	   6.93	   7.23	 999.00	  -0.38	   0.00	--------	-1	0.00	*
1:93827815	  166.0	  103.7	    1.6	    2.3	   3.81	   4.01	 238.49	  -0.50	   0.00	--------	-1	0.00	*
9:91090371	  165.9	  101.7	    1.6	    0.4	   4.05	   4.26	 999.00	  -0.51	   0.00	--------	-1	0.00	*
6:34846110	  165.9	   82.9	    2.0	    2.8	   6.81	   7.10	 225.31	  -0.40	   0.00	--------	-1	0.00	*
8:117657182	  165.0	   82.9	    2.0	    0.4	   6.68	   6.98	 999.00	  -0.74	   0.00	--------	-1	0.00	*
9:139297020	  164.0	   82.9	    2.0	    8.8	   6.56	   6.85	 142.53	  -0.38	   0.78	--------	-1	0.00	*
22:29696282	  163.5	   82.3	    2.0	    0.9	   6.56	   6.85	 304.49	  -0.72	   0.00	--------	-1	0.00	*
5:175773878	  163.4	   82.8	    2.0	    0.5	   6.56	   6.85	 999.00	  -0.44	   0.00	--------	-1	0.00	*
20:21370326	  163.3	  102.4	    1.6	    0.7	   3.75	   3.94	 321.69	  -0.73	   0.00	--------	-1	0.00	*
7:148922128	  161.2	   82.9	    1.9	    0.9	   6.32	   6.60	 299.42	  -0.55	   0.34	--------	-1	0.00	*
10:96361600	  160.5	  103.7	    1.5	    0.5	   3.37	   3.56	 999.00	  -0.58	   0.00	--------	-1	0.00	*
3:107524528	  160.0	   82.9	    1.9	   15.5	   6.08	   6.35	 100.85	  -0.60	   0.00	--------	-1	0.00	*
16:1375307	  159.3	   88.8	    1.8	   13.1	   5.16	   5.40	 111.53	  -0.60	   0.00	--------	-1	0.00	*
6:142540521	  159.0	   85.8	    1.9	    2.9	   5.49	   5.74	 209.44	  -0.78	   0.12	--------	-1	0.00	*
7:70256833	  157.8	  103.8	    1.5	    8.9	   3.12	   3.29	 134.27	  -0.70	   0.00	--------	-1	0.00	*
X:150157442	  157.5	   82.9	    1.9	   22.7	   5.84	   6.11	  75.97	  -0.60	   0.23	--------	-1	0.00	*
1:38148739	  157.0	    0.0	 9999.9	    2.2	  45.87	  47.26	 226.04	  -0.20	   0.00	--------	-1	0.00	*
11:60690341	  156.9	   93.3	    1.7	    0.5	   4.17	   4.38	 320.02	  -0.45	   0.00	--------	-1	0.00	*
3:5260706	  155.6	   82.9	    1.9	    1.1	   5.61	   5.87	 269.82	  -0.54	   0.00	--------	-1	0.00	*
13:50275550	  155.3	   82.9	    1.9	    9.6	   5.61	   5.87	 126.73	  -0.56	   0.40	--------	-1	0.00	*
17:7572330	  155.3	  109.6	    1.4	    1.1	   2.40	   2.55	 266.93	  -0.54	   0.00	--------	-1	0.00	*
3:150260795	  154.3	   74.9	    2.1	   33.1	   6.85	   7.14	  52.51	  -0.48	   0.00	--------	-1	0.00	*
5:135514990	  154.0	    0.0	 9999.9	    3.8	  44.98	  46.36	 183.81	  -0.28	   0.87	--------	-1	0.00	*
3:142775954	  153.4	   53.3	    2.9	   11.4	  11.46	  11.90	 113.62	  -0.27	   0.00	--------	-1	0.00	*
17:2585714	  153.0	   41.5	    3.7	    1.1	  15.05	  15.60	 260.54	  -0.29	   0.00	--------	-1	0.00	*
21:15745765	  152.8	   82.9	    1.8	    0.4	   5.27	   5.52	 999.00	  -0.54	   0.00	--------	-1	0.00	*
17:46699157	  151.7	   72.3	    2.1	    9.5	   6.83	   7.12	 122.42	  -0.47	   0.00	--------	-1	0.00	*
11:8125507	  151.4	   82.9	    1.8	    1.4	   5.16	   5.40	 246.30	  -0.34	   0.00	--------	-1	0.00	*
13:25914412	  151.0	   82.9	    1.8	    0.8	   5.05	   5.28	 278.96	  -0.46	   0.00	--------	-1	0.00	*
2:204292872	  150.9	   82.9	    1.8	   16.9	   5.05	   5.28	  86.69	  -0.48	   0.00	--------	-1	0.00	*
11:13751495	  150.6	   82.9	    1.8	    0.5	   5.05	   5.28	 305.29	  -0.49	   0.00	--------	-1	0.00	*
5:134670420	  149.4	  104.6	    1.4	    0.5	   2.39	   2.54	 311.82	  -0.66	   0.00	--------	-1	0.00	*
11:20530118	  149.0	   82.9	    1.8	    0.5	   4.83	   5.06	 300.40	  -0.63	   0.00	--------	-1	0.00	*
18:23596338	  149.0	   79.4	    1.9	    0.3	   5.28	   5.52	 999.00	  -0.69	   0.00	--------	-1	0.00	*
20:36719581	  148.6	   74.4	    2.0	   14.0	   6.09	   6.37	  96.05	  -0.66	   0.00	--------	-1	0.00	*
13:73333758	  148.4	   68.2	    2.2	    8.3	   7.20	   7.50	 127.34	  -0.49	   0.00	--------	-1	0.00	*
14:50362798	  148.3	   79.8	    1.9	    0.5	   5.28	   5.52	 306.79	  -0.29	   0.00	--------	-1	0.00	*
1:86118525	  148.0	   62.2	    2.4	    5.0	   8.30	   8.64	 157.62	  -0.38	   0.00	--------	-1	0.00	*
2:29171054	  148.0	    0.0	 9999.9	    0.4	  43.22	  44.55	 311.39	  -0.19	   0.00	--------	-1	0.00	*
2:219270544	  148.0	    0.0	 9999.9	   13.1	  43.22	  44.55	  98.95	  -0.25	   0.86	--------	-1	0.00	*
17:73131582	  147.9	   82.9	    1.8	    1.1	   4.72	   4.95	 249.95	  -0.43	   0.00	--------	-1	0.00	*
9:86583650	  147.1	   51.3	    2.9	    0.4	  11.01	  11.44	 311.88	  -0.04	   0.00	--------	-1	0.00	*
15:83686697	  147.0	    0.0	 9999.9	    0.5	  42.92	  44.25	 305.63	  -0.29	   0.00	--------	-1	0.00	*
6:79649488	  147.0	   82.9	    1.8	    3.2	   4.61	   4.83	 182.57	  -0.45	   0.00	--------	-1	0.00	*
13:29252298	  146.8	   82.9	    1.8	    0.3	   4.61	   4.83	 999.00	  -0.66	   0.00	--------	-1	0.00	*
1:156220022	  146.0	   41.5	    3.5	    1.1	  13.72	  14.24	 246.41	  -0.29	   0.00	--------	-1	0.00	*
1:202910614	  146.0	   82.9	    1.8	    0.8	   4.50	   4.72	 271.07	  -0.52	   0.00	--------	-1	0.00	*
5:180275534	  146.0	   82.9	    1.8	   24.8	   4.50	   4.72	  61.32	  -0.48	   0.84	--------	-1	0.00	*
12:122269614	  145.8	    0.0	 9999.9	   32.5	  42.63	  43.95	  47.48	  -0.25	   0.00	--------	-1	0.00	*
2:89049941	  145.3	   81.2	    1.8	    0.4	   4.64	   4.87	 306.34	  -0.53	   0.00	--------	-1	0.00	*
18:56995773	  145.2	   82.9	    1.8	   52.2	   4.50	   4.72	  25.98	  -0.64	   0.00	--------	-1	0.00	*
5:153436319	  145.0	   82.9	    1.7	    0.5	   4.40	   4.62	 299.34	  -0.36	   0.00	--------	-1	0.00	*
X:53405141	  145.0	   75.2	    1.9	   20.2	   5.45	   5.70	  71.32	  -0.42	   0.00	--------	-1	0.00	*
11:58388023	  143.6	   82.9	    1.7	    0.5	   4.30	   4.51	 288.24	  -0.48	   0.00	--------	-1	0.00	*
3:172538817	  143.3	   97.2	    1.5	    0.5	   2.57	   2.73	 288.92	  -0.57	   0.00	--------	-1	0.00	*
7:116559071	  143.0	   82.9	    1.7	    0.5	   4.19	   4.40	 290.45	  -0.34	   0.00	--------	-1	0.00	*
1:165631647	  142.9	   82.9	    1.7	    0.8	   4.19	   4.40	 264.25	  -0.52	   0.00	--------	-1	0.00	*
17:61823853	  142.6	   82.9	    1.7	   21.5	   4.19	   4.40	  66.31	  -0.71	   0.48	--------	-1	0.00	*
5:139625003	  142.0	   82.1	    1.7	   10.1	   4.19	   4.40	 108.10	  -0.57	   0.00	--------	-1	0.00	*
8:30537016	  142.0	   62.2	    2.3	    9.7	   7.44	   7.76	 109.69	  -0.39	   0.00	--------	-1	0.00	*
4:57259619	  141.8	   77.6	    1.8	    6.0	   4.79	   5.02	 137.35	  -0.69	   0.48	--------	-1	0.00	*
15:66180476	  141.6	   63.6	    2.2	   27.1	   7.23	   7.55	  53.66	  -0.43	   0.00	--------	-1	0.00	*
3:107527455	  141.0	   82.9	    1.7	   62.4	   4.09	   4.29	  17.64	  -0.42	   0.00	--------	-1	0.00	*
1:11082889	  141.0	   82.9	    1.7	    0.8	   3.99	   4.19	 259.71	  -0.45	   0.00	--------	-1	0.00	*
1:22419329	  141.0	    0.0	 9999.9	   14.8	  41.16	  42.45	  84.53	  -0.20	   0.00	--------	-1	0.00	*
2:210885784	  141.0	   82.9	    1.7	   20.7	   3.99	   4.19	  66.71	  -0.53	   0.00	--------	-1	0.00	*
2:101886073	  140.7	   87.2	    1.6	    0.4	   3.37	   3.55	 293.76	  -0.57	   0.00	--------	-1	0.00	*
5:150071042	  140.0	   82.9	    1.7	    0.5	   3.89	   4.09	 286.93	  -0.40	   0.00	--------	-1	0.00	*
2:87000589	  139.2	   73.4	    1.9	    0.6	   5.18	   5.42	 276.41	  -0.80	   0.00	--------	-1	0.00	*
3:57546982	  139.0	   82.9	    1.7	    3.7	   3.78	   3.98	 161.62	  -0.59	   0.00	--------	-1	0.00	*
3:58413683	  138.2	   71.5	    1.9	    0.5	   5.39	   5.63	 276.80	  -0.86	   0.00	--------	-1	0.00	*
2:238673444	  138.0	   82.9	    1.7	    0.4	   3.69	   3.88	 286.25	  -0.54	   0.00	--------	-1	0.00	*
7:72984222	  137.7	   56.8	    2.4	    2.1	   8.17	   8.51	 193.90	  -0.49	   0.00	--------	-1	0.00	*
5:1318415	  137.1	   82.9	    1.7	    0.5	   3.69	   3.88	 281.99	  -0.69	   0.00	--------	-1	0.00	*
1:154930462	  137.0	   20.7	    6.6	    0.8	  20.89	  21.63	 250.67	  -0.26	   0.00	--------	-1	0.00	*
14:93648777	  137.0	   82.9	    1.7	    2.3	   3.59	   3.78	 185.71	  -0.45	   0.32	--------	-1	0.00	*
16:18803932	  136.5	   70.0	    1.9	    1.7	   5.31	   5.56	 202.95	  -0.62	   0.35	--------	-1	0.00	*
17:55015804	  135.7	   82.1	    1.7	    1.1	   3.49	   3.68	 224.83	  -0.55	   0.00	--------	-1	0.00	*
17:27957675	  135.6	    0.0	 9999.9	    1.1	  39.69	  40.94	 224.83	  -0.24	   0.00	--------	-1	0.00	*
16:81411300	  135.0	   82.9	    1.6	    0.7	   3.40	   3.58	 253.15	  -0.48	   0.00	--------	-1	0.00	*
5:34832567	  135.0	   82.9	    1.6	    2.8	   3.40	   3.58	 171.67	  -0.35	   0.00	--------	-1	0.00	*
8:130854340	  135.0	   20.7	    6.5	   11.0	  20.42	  21.15	  94.63	  -0.24	   0.00	--------	-1	0.00	*
17:63010191	  135.0	   82.9	    1.6	    5.0	   3.40	   3.58	 138.01	  -0.70	   0.00	--------	-1	0.00	*
21:27253840	  134.9	   77.5	    1.7	    0.4	   4.04	   4.24	 288.15	  -0.67	   0.28	--------	-1	0.00	*
20:34844579	  134.0	   82.9	    1.6	    0.7	   3.30	   3.49	 251.38	  -0.40	   0.00	--------	-1	0.00	*
4:76734622	  132.9	   82.9	    1.6	    0.3	   3.21	   3.39	 288.28	  -0.57	   0.00	--------	-1	0.00	*
X:47088566	  132.6	   82.9	    1.6	    0.6	   3.21	   3.39	 257.24	  -0.63	   0.00	--------	-1	0.00	*
X:9684595	  131.2	   82.3	    1.6	    1.8	   3.12	   3.29	 189.85	  -0.63	   0.00	--------	-1	0.00	*
2:172964258	  131.2	   69.5	    1.9	   16.3	   4.88	   5.12	  71.25	  -0.80	   0.41	--------	-1	0.00	*
3:156260172	  130.8	   82.9	    1.6	   24.8	   3.03	   3.20	  50.09	  -0.44	   0.27	--------	-1	0.00	*
X:70794152	  130.6	   81.7	    1.6	    1.0	   3.14	   3.32	 221.39	  -0.64	   0.00	--------	-1	0.00	*
17:7757702	  130.0	   81.9	    1.6	    3.4	   3.05	   3.22	 152.74	  -0.50	   0.00	--------	-1	0.00	*
12:72180258	  129.1	   69.9	    1.8	    5.6	   4.65	   4.88	 124.61	  -0.38	   0.00	--------	-1	0.00	*
1:6651098	  129.0	   41.5	    3.1	   13.4	  10.65	  11.06	  78.01	  -0.27	   0.00	--------	-1	0.00	*
4:41957330	  129.0	   41.5	    3.1	    0.3	  10.65	  11.06	 277.95	  -0.25	   0.00	--------	-1	0.00	*
1:154179895	  129.0	   82.9	    1.6	    0.8	   2.85	   3.02	 232.76	  -0.58	   0.26	--------	-1	0.00	*
2:196600277	  128.9	   82.3	    1.6	   20.5	   2.85	   3.02	  57.45	  -0.52	   0.46	--------	-1	0.00	*
3:33539616	  128.7	   81.8	    1.6	    0.5	   2.96	   3.13	 252.81	  -0.64	   0.23	--------	-1	0.00	*
1:42645128	  128.7	    0.0	 9999.9	    1.2	  37.63	  38.83	 210.28	  -0.26	   0.00	--------	-1	0.00	*
3:53320240	  128.7	    0.0	 9999.9	    0.5	  37.63	  38.83	 252.81	  -0.29	   0.00	--------	-1	0.00	*
1:229577125	  128.1	   87.7	    1.5	    1.1	   2.34	   2.49	 210.47	  -0.83	   0.00	--------	-1	0.00	*
2:131805792	  128.0	   82.9	    1.5	   12.7	   2.76	   2.93	  79.82	  -0.46	   0.00	--------	-1	0.00	*
2:74382566	  127.6	   82.9	    1.5	    0.4	   2.76	   2.93	 261.43	  -0.40	   0.00	--------	-1	0.00	*
5:6755714	  127.1	   72.0	    1.8	    0.5	   3.99	   4.19	 257.48	  -0.60	   0.00	--------	-1	0.00	*
X:119746204	  127.0	   82.9	    1.5	    0.9	   2.68	   2.84	 219.11	  -0.78	   0.00	--------	-1	0.00	*
18:56997360	  126.9	   62.2	    2.0	   54.7	   5.45	   5.70	  16.51	  -0.50	   0.34	--------	-1	0.00	*
17:5344544	  126.8	   81.4	    1.6	    1.1	   2.79	   2.95	 206.29	  -0.67	   0.00	--------	-1	0.00	*
16:30455619	  126.4	   71.8	    1.8	    0.7	   4.02	   4.23	 234.87	  -0.84	   0.00	--------	-1	0.00	*
1:25168117	  126.0	   82.9	    1.5	   31.1	   2.59	   2.75	  36.85	  -0.52	   0.00	--------	-1	0.00	*
14:95553453	  125.9	   82.9	    1.5	   20.6	   2.59	   2.75	  54.68	  -0.46	   0.00	--------	-1	0.00	*
16:18804486	  125.0	    0.0	 9999.9	    1.7	  36.46	  37.63	 180.37	  -0.22	   0.00	--------	-1	0.00	*
1:233519487	  125.0	   29.1	    4.3	    9.1	  14.04	  14.56	  93.27	  -0.30	   0.00	--------	-1	0.00	*
9:89560338	  124.5	   82.9	    1.5	    0.4	   2.51	   2.66	 254.47	  -0.74	   0.00	--------	-1	0.00	*
11:6497888	  124.3	   70.8	    1.8	    3.1	   3.95	   4.15	 148.60	  -0.58	   0.13	--------	-1	0.00	*
1:87570499	  124.0	   82.9	    1.5	   11.5	   2.43	   2.58	  80.57	  -0.57	   0.00	--------	-1	0.00	*
18:44682510	  123.6	   81.8	    1.5	    0.6	   2.53	   2.68	 235.09	  -0.73	   0.44	--------	-1	0.00	*
17:20904481	  123.5	   80.3	    1.5	    1.1	   2.63	   2.79	 200.17	  -0.68	   0.23	--------	-1	0.00	*
1:19585824	  123.3	   81.8	    1.5	    0.8	   2.53	   2.68	 221.67	  -0.43	   0.00	--------	-1	0.00	*
1:171561135	  123.3	   62.4	    2.0	    0.8	   5.08	   5.32	 221.67	  -0.59	   0.00	--------	-1	0.00	*
1:6681971	  123.2	   82.9	    1.5	    0.8	   2.43	   2.58	 221.67	  -0.43	   0.00	--------	-1	0.00	*
3:113528663	  123.0	   62.2	    2.0	   92.1	   2.75	   5.19	   2.91	  -0.56	   0.40	--------	-1	0.00	*
3:5260146	  122.9	   77.2	    1.6	    1.1	   2.87	   3.04	 200.41	  -0.74	   0.47	--------	-1	0.00	*
8:62537635	  122.6	   62.2	    2.0	    1.0	   4.95	   5.19	 208.03	  -0.44	   0.00	--------	-1	0.00	*
4:129192391	  122.0	    0.0	 9999.9	   18.1	  35.58	  36.73	  57.44	  -0.18	   0.00	--------	-1	0.00	*
9:91092401	  122.0	   62.2	    2.0	    0.4	   4.84	   5.07	 247.11	  -0.49	   0.19	--------	-1	0.00	*
10:102122998	  121.8	   73.3	    1.7	   40.9	   3.25	   3.43	  24.17	  -0.78	   0.37	--------	-1	0.00	*
2:64686144	  121.0	   82.9	    1.5	   23.5	   2.26	   2.41	  45.87	  -0.38	   0.00	--------	-1	0.00	*
17:76988760	  120.6	   77.0	    1.6	    1.1	   2.80	   2.97	 194.08	  -0.62	   0.32	--------	-1	0.00	*
19:33088089	  120.4	    0.0	 9999.9	    1.1	  35.28	  36.42	 194.42	  -0.28	   0.00	--------	-1	0.00	*
20:49505783	  120.3	   82.7	    1.5	    1.2	   2.19	   2.33	 190.69	  -0.54	   0.00	--------	-1	0.00	*
10:70102443	  120.2	   83.9	    1.4	    8.9	   2.09	   2.23	  90.15	  -0.59	   0.20	--------	-1	0.00	*
2:130909613	  120.0	   82.9	    1.4	    1.8	   2.11	   2.25	 167.96	  -0.62	   0.00	--------	-1	0.00	*
3:191109919	  119.9	   62.2	    1.9	   16.1	   4.59	   4.82	  60.98	  -0.51	   0.00	--------	-1	0.00	*
9:34399538	  119.9	   41.5	    2.9	    4.3	   9.10	   9.47	 124.53	  -0.27	   0.00	--------	-1	0.00	*
6:52962872	  119.9	   62.2	    1.9	    2.4	   4.59	   4.82	 154.88	  -0.77	   0.00	--------	-1	0.00	*
12:50569990	  119.9	   82.9	    1.4	    1.8	   2.11	   2.25	 168.90	  -0.52	   0.35	--------	-1	0.00	*
5:71515771	  119.6	   61.2	    2.0	    0.5	   4.76	   4.99	 238.12	  -0.74	   0.00	--------	-1	0.00	*
10:119042726	  119.0	   41.5	    2.9	    3.0	   8.94	   9.30	 141.84	  -0.27	   0.00	--------	-1	0.00	*
20:48252074	  119.0	   82.9	    1.4	    0.7	   2.03	   2.17	 217.28	  -0.52	   0.00	--------	-1	0.00	*
5:82352524	  118.8	   71.6	    1.7	    3.8	   3.20	   3.38	 129.25	  -0.61	   0.00	--------	-1	0.00	*
5:145890345	  118.5	   74.8	    1.6	    0.5	   2.84	   3.01	 235.71	  -0.68	   0.00	--------	-1	0.00	*
14:68144982	  118.0	    0.0	 9999.9	    0.5	  34.40	  35.52	 231.31	  -0.16	   0.00	--------	-1	0.00	*
3:52939117	  118.0	   41.5	    2.8	    1.3	   8.77	   9.12	 182.75	  -0.23	   0.00	--------	-1	0.00	*
3:69154665	  117.7	   77.3	    1.5	    0.5	   2.43	   2.58	 226.81	  -0.45	   0.00	--------	-1	0.00	*
19:12810849	  117.5	   72.3	    1.6	    7.9	   2.99	   3.16	  92.21	  -0.42	   0.00	--------	-1	0.00	*
12:108916587	  117.1	   48.7	    2.4	    1.0	   7.02	   7.32	 192.64	  -0.50	   0.00	--------	-1	0.00	*
3:47893386	  116.4	   80.7	    1.4	    0.7	   2.06	   2.20	 211.45	  -0.43	   0.00	--------	-1	0.00	*
X:38665297	  116.2	   77.2	    1.5	    0.4	   2.35	   2.50	 240.85	  -0.52	   0.00	--------	-1	0.00	*
17:38292953	  116.0	    0.0	 9999.9	    1.1	  33.81	  34.92	 184.01	  -0.26	   0.00	--------	-1	0.00	*
12:1018260	  115.8	   77.0	    1.5	    2.1	   2.26	   2.41	 153.81	  -0.83	   0.26	--------	-1	0.00	*
3:15483527	  115.2	   73.4	    1.6	    0.5	   2.69	   2.85	 222.13	  -0.73	   0.00	--------	-1	0.00	*
7:65420528	  115.0	    0.0	 9999.9	   11.5	  33.52	  34.62	  71.44	  -0.27	   0.00	--------	-1	0.00	*
X:73810774	  114.8	   72.8	    1.6	    0.4	   2.71	   2.87	 235.89	  -0.50	   0.30	--------	-1	0.00	*
12:108916950	  113.8	   75.8	    1.5	    1.0	   2.30	   2.45	 184.45	  -0.60	   0.00	--------	-1	0.00	*
22:41626658	  113.7	   61.0	    1.9	    0.9	   4.06	   4.26	 194.14	  -0.52	   0.00	--------	-1	0.00	*
3:69155169	  113.0	    0.0	 9999.9	    0.5	  32.93	  34.02	 215.14	  -0.27	   0.00	--------	-1	0.00	*
16:69376951	  112.0	    0.0	 9999.9	    0.7	  32.64	  33.72	 201.20	  -0.13	   0.00	--------	-1	0.00	*
9:136229468	  110.7	   62.2	    1.8	    0.9	   3.58	   3.77	 187.38	  -0.46	   0.38	--------	-1	0.00	*
16:87865745	  110.4	   74.4	    1.5	   33.1	   2.16	   2.30	  25.94	  -0.73	   0.00	--------	-1	0.00	*
9:36339445	  109.2	   74.7	    1.5	    1.6	   2.08	   2.21	 157.41	  -0.66	   0.00	--------	-1	0.00	*
3:172538122	  108.5	   62.2	    1.7	    0.5	   3.37	   3.55	 205.87	  -0.72	   0.00	--------	-1	0.00	*
22:41830282	  107.9	    0.0	 9999.9	    0.9	  31.47	  32.51	 181.47	  -0.30	   0.00	--------	-1	0.00	*
17:5288832	  107.6	   41.5	    2.6	    1.1	   7.16	   7.46	 168.08	  -0.29	   0.00	--------	-1	0.00	*
3:149683391	  107.2	   45.2	    2.4	    0.5	   6.22	   6.50	 203.56	  -0.48	   0.00	--------	-1	0.00	*
1:40537491	  107.0	   62.2	    1.7	   19.4	   3.26	   3.44	  43.45	  -0.51	   0.00	--------	-1	0.00	*
19:52795927	  107.0	    0.0	 9999.9	    2.1	  31.17	  32.21	 137.87	  -0.30	   0.00	--------	-1	0.00	*
17:77760814	  106.8	   54.2	    2.0	    1.1	   4.35	   4.57	 166.11	  -0.46	   0.48	--------	-1	0.00	*
10:81075850	  106.3	   54.3	    2.0	    0.5	   4.35	   4.57	 202.51	  -0.70	   0.00	--------	-1	0.00	*
9:74970625	  105.8	   59.3	    1.8	    3.0	   3.46	   3.65	 120.86	  -0.74	   0.00	--------	-1	0.00	*
1:169101929	  105.6	   53.6	    2.0	    6.7	   4.40	   4.62	  85.48	  -0.75	   0.36	--------	-1	0.00	*
2:54092218	  105.2	   64.4	    1.6	    8.3	   2.81	   2.97	  76.48	  -0.54	   0.41	--------	-1	0.00	*
9:139390427	  105.0	    0.0	 9999.9	    1.3	  30.59	  31.61	 155.11	  -0.09	   0.00	--------	-1	0.00	*
3:69153945	  104.7	   60.5	    1.7	    0.5	   3.22	   3.40	 196.66	  -0.63	   0.00	--------	-1	0.00	*
2:86371309	  104.4	   68.4	    1.5	    0.4	   2.26	   2.41	 205.68	  -0.86	   0.00	--------	-1	0.00	*
10:104240525	  103.5	   62.2	    1.7	   34.0	   2.86	   3.03	  21.48	  -0.52	   0.00	--------	-1	0.00	*
20:43122806	  103.0	   41.5	    2.5	    5.3	   6.38	   6.67	  91.77	  -0.44	   0.56	--------	-1	0.00	*
3:128199814	  103.0	   41.5	    2.5	    0.5	   6.38	   6.67	 192.08	  -0.13	   0.00	--------	-1	0.00	*
7:4802785	  103.0	   41.5	    2.5	   31.3	   6.38	   6.67	  23.56	  -0.36	   0.80	--------	-1	0.00	*
8:81434824	  102.8	   56.5	    1.8	    6.9	   3.57	   3.76	  80.81	  -0.71	   0.35	--------	-1	0.00	*
12:50157559	  102.7	   58.5	    1.8	    0.7	   3.29	   3.47	 179.34	  -0.61	   0.22	--------	-1	0.00	*
11:67165681	  102.4	   53.0	    1.9	    0.5	   4.04	   4.25	 191.60	  -0.81	   0.00	--------	-1	0.00	*
3:196663383	  102.0	   62.2	    1.6	   17.5	   2.77	   2.93	  43.64	  -0.40	   0.00	--------	-1	0.00	*
11:65545256	  102.0	   20.7	    4.9	    3.0	  13.05	  13.54	 114.76	  -0.26	   0.00	--------	-1	0.00	*
17:291906	  102.0	   41.5	    2.5	   48.9	   6.24	   6.51	  10.64	  -0.31	   0.90	--------	-1	0.00	*
5:94799656	  102.0	   41.5	    2.5	    0.5	   6.24	   6.51	 195.41	  -0.46	   0.00	--------	-1	0.00	*
1:71529411	  101.8	   41.5	    2.5	    0.8	   6.24	   6.51	 173.96	  -0.47	   0.41	--------	-1	0.00	*
3:63988493	  101.8	   41.5	    2.5	    3.1	   6.24	   6.51	 112.69	  -0.45	   0.00	--------	-1	0.00	*
15:23005749	  101.7	   67.7	    1.5	   25.2	   2.11	   2.25	  30.05	  -0.55	   0.00	--------	-1	0.00	*
3:160219310	  101.6	   61.2	    1.7	    7.8	   2.79	   2.95	  74.47	  -0.80	   0.00	--------	-1	0.00	*
5:138270268	  101.5	   61.3	    1.7	    0.9	   2.79	   2.95	 168.44	  -0.61	   0.00	--------	-1	0.00	*
16:87437270	  101.4	   41.5	    2.4	    0.7	   6.24	   6.51	 179.22	  -0.40	   0.00	--------	-1	0.00	*
14:53109587	  101.0	   62.2	    1.6	    3.6	   2.57	   2.73	 105.00	  -0.50	   0.00	--------	-1	0.00	*
16:3776579	  101.0	    0.0	 9999.9	    0.7	  29.41	  30.40	 177.05	  -0.13	   0.63	--------	-1	0.00	*
7:127222007	  101.0	    0.0	 9999.9	    7.4	  29.41	  30.40	  75.12	  -0.24	   0.00	--------	-1	0.00	*
6:56968068	  100.7	   41.5	    2.4	    0.6	   6.08	   6.36	 183.74	  -0.47	   0.00	--------	-1	0.00	*
12:57924132	  100.5	   62.2	    1.6	    8.6	   2.57	   2.73	  69.41	  -0.59	   0.51	--------	-1	0.00	*
5:132093692	  100.3	   41.5	    2.4	   28.4	   6.08	   6.36	  25.52	  -0.48	   0.00	--------	-1	0.00	*
9:4712807	  100.1	   41.5	    2.4	    5.1	   6.08	   6.36	  90.37	  -0.47	   0.50	--------	-1	0.00	*
3:169812872	  100.0	    0.0	 9999.9	   63.2	   4.71	  30.10	   4.94	  -0.26	   0.62	--------	-1	0.00	*
5:150409752	  100.0	   62.2	    1.6	    5.9	   2.48	   2.63	  83.36	  -0.35	   0.85	--------	-1	0.00	*
X:108885536	  100.0	   41.5	    2.4	    2.1	   5.94	   6.21	 127.08	  -0.42	   0.00	--------	-1	0.00	*
14:58701365	  100.0	   54.9	    1.8	    0.7	   3.54	   3.73	 176.69	  -0.92	   0.00	--------	-1	0.00	*
17:2593019	   99.8	   41.5	    2.4	    1.1	   5.94	   6.21	 152.41	  -0.45	   0.00	--------	-1	0.00	*
6:15521974	   99.8	   41.5	    2.4	    0.6	   5.94	   6.21	 181.50	  -0.46	   0.00	--------	-1	0.00	*
7:158526633	   99.6	   41.5	    2.4	   16.4	   5.94	   6.21	  43.56	  -0.49	   0.00	--------	-1	0.00	*
11:102101180	   99.3	   41.5	    2.4	   26.0	   5.94	   6.21	  27.72	  -0.46	   0.00	--------	-1	0.00	*
4:76735060	   99.1	   41.5	    2.4	    0.3	   5.94	   6.21	 204.71	  -0.49	   0.00	--------	-1	0.00	*
12:121676331	   99.0	   41.5	    2.4	    0.7	   5.79	   6.05	 170.73	  -0.44	   0.00	--------	-1	0.00	*
21:18939377	   99.0	   41.5	    2.4	   29.1	   5.79	   6.05	  23.70	  -0.43	   0.00	--------	-1	0.00	*
3:47893951	   99.0	   41.5	    2.4	    0.7	   5.79	   6.05	 171.96	  -0.46	   0.00	--------	-1	0.00	*
1:231470099	   98.1	   41.5	    2.4	    0.8	   5.79	   6.05	 167.61	  -0.45	   0.00	--------	-1	0.00	*
3:51699690	   98.1	   43.7	    2.2	    3.9	   5.36	   5.61	  99.65	  -0.49	   0.51	--------	-1	0.00	*
12:51381241	   98.0	   41.5	    2.4	   17.8	   5.65	   5.90	  39.14	  -0.37	   0.00	--------	-1	0.00	*
2:85546748	   98.0	   41.5	    2.4	    9.8	   5.65	   5.90	  61.15	  -0.43	   0.71	--------	-1	0.00	*
5:135518344	   98.0	   41.5	    2.4	    0.5	   5.65	   5.90	 186.10	  -0.26	   0.00	--------	-1	0.00	*
X:135044277	   98.0	   62.2	    1.6	    4.5	   2.30	   2.44	  92.13	  -0.28	   0.00	--------	-1	0.00	*
2:113289622	   97.8	   58.1	    1.7	   24.5	   2.77	   2.94	  28.48	  -0.72	   0.46	--------	-1	0.00	*
7:66422963	   97.7	   41.5	    2.4	   17.7	   5.65	   5.90	  39.43	  -0.45	   0.52	--------	-1	0.00	*
7:150070960	   97.5	   49.8	    2.0	    0.5	   4.10	   4.31	 183.42	  -0.66	   0.27	--------	-1	0.00	*
12:69664797	   97.5	   41.2	    2.4	   13.0	   5.65	   5.90	  50.52	  -0.36	   0.00	--------	-1	0.00	*
13:79174748	   97.1	   41.5	    2.3	    1.2	   5.65	   5.90	 145.26	  -0.47	   0.00	--------	-1	0.00	*
11:61567931	   97.0	   40.9	    2.4	   26.0	   5.87	   6.13	  26.60	  -0.47	   0.45	--------	-1	0.00	*
8:103840615	   97.0	   41.5	    2.3	   12.9	   5.65	   5.90	  50.78	  -0.26	   0.00	--------	-1	0.00	*
10:98984784	   97.0	   41.5	    2.3	   10.0	   5.50	   5.76	  59.49	  -0.49	   0.00	--------	-1	0.00	*
6:108192148	   97.0	   41.5	    2.3	   12.5	   5.50	   5.76	  51.07	  -0.37	   0.57	--------	-1	0.00	*
8:42027045	   97.0	   41.5	    2.3	   14.1	   5.50	   5.76	  46.70	  -0.45	   0.37	--------	-1	0.00	*
12:104169105	   96.9	   41.5	    2.3	   51.6	   5.50	   5.76	   7.94	  -0.44	   0.63	--------	-1	0.00	*
14:36340747	   96.9	   41.5	    2.3	    0.8	   5.50	   5.76	 160.94	  -0.43	   0.00	--------	-1	0.00	*
5:176726303	   96.7	   53.2	    1.8	    0.5	   3.35	   3.53	 183.78	  -0.69	   0.00	--------	-1	0.00	*
X:40465639	   96.6	   38.9	    2.5	   11.2	   6.18	   6.46	  55.03	  -0.46	   0.67	--------	-1	0.00	*
6:11138001	   96.3	   41.4	    2.3	    0.6	   5.50	   5.76	 174.82	  -0.48	   0.00	--------	-1	0.00	*
1:178885787	   96.0	   41.5	    2.3	    9.2	   5.36	   5.61	  61.60	  -0.38	   0.82	--------	-1	0.00	*
2:190636420	   96.0	   20.7	    4.6	    4.6	  11.77	  12.22	  87.96	  -0.21	   0.00	--------	-1	0.00	*
13:80126759	   96.0	   62.2	    1.5	    1.2	   2.12	   2.26	 143.72	  -0.83	   0.00	--------	-1	0.00	*
14:95556260	   95.7	   51.4	    1.9	   20.6	   3.54	   3.73	  32.74	  -0.53	   0.31	--------	-1	0.00	*
17:30816670	   95.7	   62.2	    1.5	    6.7	   2.12	   2.26	  73.85	  -0.58	   0.00	--------	-1	0.00	*
1:44438428	   95.6	   62.2	    1.5	    0.8	   2.12	   2.26	 160.53	  -0.30	   0.00	--------	-1	0.00	*
22:37965372	   95.6	   62.2	    1.5	    0.9	   2.12	   2.26	 156.57	  -0.89	   0.00	--------	-1	0.00	*
8:38068177	   95.6	   38.7	    2.5	    0.4	   6.03	   6.30	 192.03	  -0.45	   0.00	--------	-1	0.00	*
19:10427067	   95.5	   54.2	    1.8	    1.1	   3.10	   3.27	 144.95	  -0.66	   0.00	--------	-1	0.00	*
10:91343850	   95.3	   56.2	    1.7	    1.5	   2.83	   2.99	 132.47	  -0.65	   0.00	--------	-1	0.00	*
2:235962973	   95.1	   58.7	    1.6	    0.4	   2.58	   2.73	 184.43	  -0.60	   0.00	--------	-1	0.00	*
13:53050725	   95.0	    0.0	 9999.9	   23.7	  26.78	  28.60	  27.69	  -0.24	   0.00	--------	-1	0.00	*
7:101893799	   95.0	   41.5	    2.3	   13.1	   5.22	   5.46	  47.70	  -0.44	   0.00	--------	-1	0.00	*
X:149933328	   95.0	    0.0	 9999.9	   10.5	  27.65	  28.60	  55.67	  -0.20	   0.00	--------	-1	0.00	*
4:77956038	   94.9	   53.4	    1.8	   27.3	   3.13	   3.31	  23.47	  -0.77	   0.00	--------	-1	0.00	*
5:177022966	   94.8	   60.9	    1.6	    6.6	   2.25	   2.40	  72.82	  -0.63	   0.29	--------	-1	0.00	*
1:100549495	   94.7	   41.5	    2.3	   11.1	   5.22	   5.46	  53.52	  -0.48	   0.58	--------	-1	0.00	*
12:68056386	   94.4	   61.9	    1.5	    0.7	   2.14	   2.28	 162.20	  -0.91	   0.00	--------	-1	0.00	*
1:155916924	   94.4	   39.8	    2.4	    0.8	   5.65	   5.91	 159.19	  -0.37	   0.00	--------	-1	0.00	*
15:98515107	   94.2	   41.5	    2.3	    3.1	   5.22	   5.46	 102.83	  -0.47	   0.00	--------	-1	0.00	*
7:100279343	   94.0	   41.5	    2.3	    5.8	   5.08	   5.32	  76.56	  -0.16	   0.00	--------	-1	0.00	*
9:32972798	   94.0	   41.5	    2.3	    0.4	   5.08	   5.32	 180.07	  -0.39	   0.00	--------	-1	0.00	*
11:118472318	   93.4	   41.5	    2.3	   38.3	   5.08	   5.32	  13.65	  -0.43	   0.00	--------	-1	0.00	*
4:57260801	   93.0	   41.5	    2.2	    6.0	   4.93	   5.17	  74.18	  -0.46	   0.00	--------	-1	0.00	*
5:176085547	   93.0	   41.5	    2.2	    1.3	   4.93	   5.17	 134.36	  -0.43	   0.00	--------	-1	0.00	*
X:48761144	   92.7	   39.0	    2.4	    2.9	   5.58	   5.83	 102.30	  -0.44	   0.00	--------	-1	0.00	*
1:184661099	   92.4	   41.5	    2.2	   11.6	   4.93	   5.17	  50.02	  -0.42	   0.00	--------	-1	0.00	*
15:37183410	   92.2	   41.5	    2.2	    3.1	   4.93	   5.17	 100.24	  -0.42	   0.00	--------	-1	0.00	*
10:105063247	   92.0	   41.5	    2.2	    0.5	   4.80	   5.03	 168.28	  -0.42	   0.00	--------	-1	0.00	*
6:34256495	   92.0	   41.5	    2.2	    3.6	   4.80	   5.03	  92.74	  -0.33	   0.00	--------	-1	0.00	*
2:60685665	   91.9	   41.5	    2.2	    0.4	   4.80	   5.03	 175.10	  -0.49	   0.00	--------	-1	0.00	*
20:43128402	   91.8	   41.5	    2.2	   23.6	   4.80	   5.03	  26.05	  -0.50	   0.00	--------	-1	0.00	*
1:107601824	   91.0	   41.5	    2.2	    0.8	   4.66	   4.89	 150.85	  -0.32	   0.00	--------	-1	0.00	*
17:21218386	   91.0	   41.5	    2.2	    1.1	   4.66	   4.89	 135.12	  -0.48	   0.00	--------	-1	0.00	*
2:118589771	   91.0	    0.0	 9999.9	    0.4	  26.48	  27.39	 172.78	  -0.20	   0.00	--------	-1	0.00	*
21:38575296	   91.0	   41.5	    2.2	    3.1	   4.66	   4.89	  96.48	  -0.41	   0.00	--------	-1	0.00	*
3:52579549	   91.0	   41.5	    2.2	   19.7	   4.66	   4.89	  30.85	  -0.45	   0.00	--------	-1	0.00	*
7:156475654	   91.0	   41.5	    2.2	   15.1	   4.66	   4.89	  39.45	  -0.41	   0.58	--------	-1	0.00	*
17:80559592	   90.9	   12.6	    7.2	    1.1	  14.61	  15.15	 135.12	  -0.27	   0.42	--------	-1	0.00	*
1:78162449	   90.9	   41.5	    2.2	    7.1	   4.66	   4.89	  65.85	  -0.38	   0.00	--------	-1	0.00	*
10:103541170	   90.3	   58.0	    1.6	    0.5	   2.23	   2.37	 166.04	  -0.69	   0.00	--------	-1	0.00	*
11:126133092	   90.2	   57.9	    1.6	   13.5	   2.23	   2.37	  43.22	  -0.46	   0.00	--------	-1	0.00	*
4:38701710	   90.1	   41.7	    2.2	    0.3	   4.66	   4.89	 182.68	  -0.40	   0.00	--------	-1	0.00	*
1:40759784	   90.0	    0.0	 9999.9	    1.5	  26.19	  27.09	 123.10	  -0.28	   0.00	--------	-1	0.00	*
2:118676937	   90.0	   41.5	    2.2	   26.3	   4.53	   4.75	  21.77	  -0.38	   0.00	--------	-1	0.00	*
9:116816529	   90.0	   41.5	    2.2	   40.7	   4.53	   4.75	  10.75	  -0.43	   0.67	--------	-1	0.00	*
10:75003094	   89.7	   54.2	    1.7	   12.0	   2.49	   2.64	  46.25	  -0.85	   0.65	--------	-1	0.00	*
8:61533588	   89.4	   45.8	    2.0	    7.1	   3.80	   4.00	  64.51	  -0.69	   0.00	--------	-1	0.00	*
22:30422363	   89.4	   41.5	    2.2	    1.2	   4.53	   4.75	 131.80	  -0.32	   0.00	--------	-1	0.00	*
19:41830252	   89.3	    0.0	 9999.9	    5.2	  26.19	  27.09	  75.78	  -0.20	   0.29	--------	-1	0.00	*
10:123500766	   89.0	   41.5	    2.1	    0.5	   4.39	   4.61	 161.56	  -0.48	   0.50	--------	-1	0.00	*
16:56511147	   89.0	   41.5	    2.1	    1.5	   4.39	   4.61	 120.66	  -0.46	   0.00	--------	-1	0.00	*
20:43705316	   89.0	   41.5	    2.1	   18.4	   4.39	   4.61	  31.59	  -0.35	   0.00	--------	-1	0.00	*
3:122143951	   89.0	   41.5	    2.1	   29.2	   4.39	   4.61	  18.48	  -0.44	   0.00	--------	-1	0.00	*
11:60658454	   88.3	   41.5	    2.1	    0.5	   4.39	   4.61	 160.10	  -0.35	   0.00	--------	-1	0.00	*
15:32931458	   88.0	    0.0	 9999.9	    5.1	  25.61	  26.49	  74.36	  -0.28	   0.82	--------	-1	0.00	*
4:170642271	   88.0	   20.7	    4.2	   25.5	  10.12	  10.51	  21.53	  -0.29	   0.91	--------	-1	0.00	*
X:154350674	   88.0	   41.5	    2.1	    0.5	   4.26	   4.47	 159.31	  -0.38	   0.22	--------	-1	0.00	*
18:11852446	   88.0	   40.0	    2.2	    0.7	   4.45	   4.67	 150.24	  -0.46	   0.00	--------	-1	0.00	*
3:196659158	   87.9	   41.5	    2.1	   16.0	   4.26	   4.47	  35.19	  -0.34	   0.00	--------	-1	0.00	*
3:152180213	   87.7	   41.5	    2.1	    5.2	   4.26	   4.47	  73.72	  -0.45	   0.00	--------	-1	0.00	*
12:25359520	   87.5	   54.4	    1.6	   44.8	   2.29	   2.44	   8.10	  -0.88	   0.28	--------	-1	0.00	*
4:2069737	   87.5	   41.5	    2.1	    8.3	   4.26	   4.47	  57.01	  -0.44	   0.00	--------	-1	0.00	*
12:46752372	   87.3	   41.5	    2.1	    0.7	   4.26	   4.47	 147.43	  -0.37	   0.00	--------	-1	0.00	*
15:81271493	   87.0	   41.5	    2.1	    1.9	   4.13	   4.34	 109.75	  -0.28	   0.00	--------	-1	0.00	*
2:198338923	   87.0	   41.5	    2.1	    0.4	   4.13	   4.34	 163.55	  -0.39	   0.00	--------	-1	0.00	*
5:143539167	   87.0	   41.5	    2.1	   21.6	   4.13	   4.34	  25.65	  -0.41	   0.92	--------	-1	0.00	*
13:30084529	   86.9	   52.3	    1.7	   46.0	   2.44	   2.59	   7.32	  -0.81	   0.00	--------	-1	0.00	*
22:36677791	   86.7	   41.5	    2.1	    0.9	   4.13	   4.34	 138.32	  -0.48	   0.00	--------	-1	0.00	*
8:91637724	   86.5	   51.1	    1.7	    0.4	   2.57	   2.72	 170.44	  -0.62	   0.27	--------	-1	0.00	*
1:107601667	   86.1	   41.5	    2.1	    0.8	   4.13	   4.34	 142.59	  -0.42	   0.00	--------	-1	0.00	*
10:30602244	   86.0	   41.5	    2.1	    3.0	   4.13	   4.34	  91.66	  -0.49	   0.00	--------	-1	0.00	*
6:99285072	   86.0	   41.5	    2.1	    9.3	   4.00	   4.20	  51.08	  -0.49	   0.00	--------	-1	0.00	*
2:215591760	   86.0	   41.5	    2.1	    0.4	   4.00	   4.20	 161.25	  -0.47	   0.00	--------	-1	0.00	*
2:27172945	   85.6	   50.6	    1.7	   27.0	   2.60	   2.75	  18.98	  -0.61	   0.29	--------	-1	0.00	*
10:122668424	   85.5	   41.5	    2.1	    0.5	   4.00	   4.20	 154.88	  -0.45	   0.00	--------	-1	0.00	*
7:65423540	   85.2	   41.5	    2.1	   22.1	   4.00	   4.20	  24.36	  -0.43	   0.00	--------	-1	0.00	*
1:184662022	   85.0	   41.5	    2.0	   11.6	   3.87	   4.07	  42.93	  -0.37	   0.00	--------	-1	0.00	*
5:36193907	   84.9	   41.5	    2.0	    0.5	   3.87	   4.07	 156.34	  -0.46	   0.00	--------	-1	0.00	*
15:78461516	   84.6	   41.5	    2.0	    0.5	   3.87	   4.07	 157.09	  -0.48	   0.00	--------	-1	0.00	*
8:61534151	   84.5	   51.0	    1.7	    7.1	   2.50	   2.65	  59.05	  -0.80	   0.00	--------	-1	0.00	*
1:245015028	   84.4	   42.3	    2.0	   26.3	   3.70	   3.89	  19.18	  -0.77	   0.00	--------	-1	0.00	*
20:11906895	   84.1	   51.8	    1.6	    0.8	   2.37	   2.52	 135.75	  -0.69	   0.11	--------	-1	0.00	*
6:41903171	   84.0	   36.8	    2.3	    0.6	   4.85	   5.08	 148.49	  -0.48	   0.00	--------	-1	0.00	*
12:122628920	   84.0	   41.5	    2.0	   36.8	   3.74	   3.94	  10.71	  -0.40	   0.76	--------	-1	0.00	*
13:61985295	   84.0	   20.7	    4.1	    0.6	   9.31	   9.68	 144.62	  -0.30	   0.00	--------	-1	0.00	*
15:52358398	   84.0	    0.0	 9999.9	    0.8	  24.43	  25.29	 135.11	  -0.26	   0.00	--------	-1	0.00	*
15:91044143	   84.0	   41.5	    2.0	    7.4	   3.74	   3.94	  56.64	  -0.49	   0.50	--------	-1	0.00	*
3:52580105	   84.0	   41.5	    2.0	   20.9	   3.74	   3.94	  24.70	  -0.37	   0.00	--------	-1	0.00	*
9:125003923	   84.0	   41.5	    2.0	    2.3	   3.74	   3.94	  97.20	  -0.45	   0.51	--------	-1	0.00	*
12:111886425	   83.7	   41.5	    2.0	   11.1	   3.74	   3.94	  43.52	  -0.47	   0.00	--------	-1	0.00	*
17:63007306	   83.0	   41.5	    2.0	    3.2	   3.62	   3.81	  84.38	  -0.49	   0.43	--------	-1	0.00	*
19:57842090	   83.0	    0.0	 9999.9	    1.1	  24.14	  24.99	 120.30	  -0.25	   0.00	--------	-1	0.00	*
7:129771304	   83.0	    0.0	 9999.9	   21.8	  22.24	  24.99	  23.03	  -0.25	   0.00	--------	-1	0.00	*
5:74667444	   82.8	   41.5	    2.0	    5.4	   3.62	   3.81	  66.20	  -0.65	   0.38	--------	-1	0.00	*
17:27872711	   82.6	   41.5	    2.0	   52.1	   3.62	   3.81	   4.32	  -0.57	   0.00	--------	-1	0.00	*
11:64846269	   82.6	    0.0	 9999.9	    0.5	  24.14	  24.99	 146.88	  -0.29	   0.00	--------	-1	0.00	*
3:124684814	   82.5	   41.5	    2.0	    8.0	   3.62	   3.81	  53.21	  -0.53	   0.00	--------	-1	0.00	*
19:47568876	   82.0	   41.5	    2.0	    1.1	   3.62	   3.81	 120.30	  -0.74	   0.18	--------	-1	0.00	*
17:2937569	   82.0	   41.5	    2.0	    4.9	   3.49	   3.68	  68.30	  -0.35	   0.84	--------	-1	0.00	*
2:120979248	   82.0	   41.5	    2.0	    4.5	   3.49	   3.68	  71.14	  -0.51	   0.00	--------	-1	0.00	*
22:38337619	   82.0	   20.7	    4.0	   15.9	   8.91	   9.27	  31.10	  -0.30	   0.00	--------	-1	0.00	*
22:43265912	   82.0	   41.5	    2.0	    3.8	   3.49	   3.68	  77.21	  -0.53	   0.46	--------	-1	0.00	*
3:185362713	   82.0	   41.5	    2.0	    1.1	   3.49	   3.68	 118.83	  -0.40	   0.00	--------	-1	0.00	*
6:30037905	   82.0	   41.5	    2.0	    0.8	   3.49	   3.68	 132.75	  -0.35	   0.00	--------	-1	0.00	*
15:72876185	   81.9	   41.5	    2.0	    1.9	   3.49	   3.68	 100.43	  -0.51	   0.00	--------	-1	0.00	*
1:146627885	   81.9	   41.5	    2.0	   13.7	   3.49	   3.68	  35.39	  -0.43	   0.68	--------	-1	0.00	*
18:29204430	   81.9	   41.5	    2.0	    0.6	   3.49	   3.68	 141.97	  -0.56	   0.40	--------	-1	0.00	*
12:4411019	   81.8	   41.5	    2.0	    0.7	   3.49	   3.68	 134.96	  -0.91	   0.00	--------	-1	0.00	*
14:55834062	   81.6	   41.5	    2.0	   11.9	   3.49	   3.68	  39.54	  -0.62	   0.00	--------	-1	0.00	*
18:28572373	   81.6	   41.5	    2.0	    0.5	   3.49	   3.68	 146.36	  -0.80	   0.00	--------	-1	0.00	*
4:88082529	   81.6	   41.5	    2.0	    0.9	   3.49	   3.68	 125.02	  -0.87	   0.00	--------	-1	0.00	*
17:57076555	   81.5	   41.5	    2.0	    1.1	   3.49	   3.68	 118.21	  -0.47	   0.00	--------	-1	0.00	*
18:18531011	   81.5	   41.5	    2.0	    0.3	   3.49	   3.68	 161.62	  -0.60	   0.00	--------	-1	0.00	*
19:3491274	   81.4	   41.5	    2.0	    1.1	   3.49	   3.68	 118.44	  -0.56	   0.00	--------	-1	0.00	*
13:88331191	   81.3	   43.8	    1.9	    0.3	   3.17	   3.34	 166.62	  -0.50	   0.00	--------	-1	0.00	*
7:156476517	   81.3	   48.4	    1.7	    4.4	   2.45	   2.60	  71.87	  -0.84	   0.00	--------	-1	0.00	*
15:83807936	   81.2	   41.5	    2.0	    0.5	   3.49	   3.68	 150.32	  -0.78	   0.00	--------	-1	0.00	*
11:18301168	   81.0	   41.5	    2.0	    8.5	   3.37	   3.56	  49.29	  -0.33	   0.86	--------	-1	0.00	*
17:35878922	   81.0	   41.5	    2.0	    1.1	   3.37	   3.56	 116.36	  -0.17	   0.00	--------	-1	0.00	*
19:14203426	   81.0	   41.5	    2.0	    1.7	   3.37	   3.56	 102.60	  -0.59	   0.00	--------	-1	0.00	*
5:43704630	   81.0	   41.5	    2.0	    0.5	   3.37	   3.56	 147.35	  -0.66	   0.43	--------	-1	0.00	*
17:76670241	   80.9	   41.5	    1.9	    1.5	   3.37	   3.56	 108.31	  -0.68	   0.36	--------	-1	0.00	*
17:78444336	   80.7	   41.5	    1.9	    5.2	   3.37	   3.56	  65.34	  -0.53	   0.35	--------	-1	0.00	*
X:118968533	   80.3	   41.5	    1.9	    0.4	   3.37	   3.56	 154.22	  -0.56	   0.00	--------	-1	0.00	*
10:30602450	   80.0	   41.5	    1.9	    3.0	   3.25	   3.43	  81.57	  -0.28	   0.00	--------	-1	0.00	*
10:98280467	   80.0	   41.5	    1.9	   17.4	   3.25	   3.43	  27.17	  -0.48	   0.50	--------	-1	0.00	*
12:56144784	   80.0	   41.5	    1.9	    2.4	   3.25	   3.43	  90.17	  -0.48	   0.55	--------	-1	0.00	*
17:74732070	   80.0	   41.5	    1.9	    1.7	   3.25	   3.43	 100.49	  -0.51	   0.22	--------	-1	0.00	*
4:2068088	   80.0	   41.5	    1.9	   13.1	   3.25	   3.43	  35.22	  -0.41	   0.79	--------	-1	0.00	*
8:42027881	   80.0	    0.0	 9999.9	   14.1	  23.26	  24.08	  33.10	  -0.28	   0.89	--------	-1	0.00	*
8:133859598	   80.0	   41.5	    1.9	    0.4	   3.25	   3.43	 153.91	  -0.54	   0.00	--------	-1	0.00	*
5:172742714	   79.9	   40.9	    2.0	    0.5	   3.42	   3.60	 145.12	  -0.56	   0.22	--------	-1	0.00	*
5:65475054	   79.8	   45.3	    1.8	   24.4	   2.65	   2.81	  18.42	  -0.54	   0.00	--------	-1	0.00	*
