DE gemanalysis2018_2_m0 4.64 6 k8_c1757
1 117 25 1496 119 G
2 833 31 810 83 A
3 1204 16 523 15 A
4 1160 0 594 2 A
5 1113 1 617 25 A
6 1738 4 9 6 A
XX

DE gemanalysis2018_2_m1 5.62 8 k8_c1327
1 264 168 57 838 T
2 113 957 62 195 C
3 857 100 79 291 A
4 274 22 802 230 G
5 798 143 273 112 A
6 1044 76 135 71 A
XX

DE gemanalysis2018_2_m2 6.36 2 k8_c1625
1 1535 0 90 0 A
2 172 0 1114 338 G
3 1257 0 367 0 A
4 1483 142 0 0 A
5 1624 0 0 0 A
6 932 251 441 0 A
XX

DE gemanalysis2018_2_m3 7.66 2 k8_c640
1 639 0 0 0 A
2 639 0 0 0 A
3 639 0 0 0 A
4 134 0 49 457 T
5 477 0 162 0 A
6 214 115 0 311 T
7 514 0 0 125 A
8 47 7 103 483 T
XX

DE gemanalysis2018_2_m4 5.59 5 k7_c1641
1 503 14 31 1094 T
2 332 4 27 1278 T
3 59 6 8 1567 T
4 28 15 12 1586 T
5 7 1500 6 128 C
6 492 444 14 691 T
XX

DE gemanalysis2018_2_m5 6.25 5 k7_c1621
1 834 0 786 0 A
2 956 0 482 183 A
3 1620 0 0 0 A
4 72 0 1548 0 G
5 912 0 708 0 A
6 1620 0 0 0 A
XX

DE gemanalysis2018_2_m6 6.26 5 k6_c952
1 0 0 0 951 T
2 951 0 0 0 A
3 0 589 362 0 C
4 951 0 0 0 A
5 464 110 288 90 A
6 935 16 0 0 A
XX

DE gemanalysis2018_2_m7 6.37 0 k6_c918
1 916 0 0 1 A
2 873 34 0 11 A
3 853 42 4 18 A
4 0 8 0 910 T
5 230 0 688 0 G
6 176 37 114 591 T
XX

DE gemanalysis2018_2_m8 7.53 10 k8_c728
1 23 25 5 675 T
2 11 9 7 702 T
3 3 266 3 456 T
4 221 300 7 201 C
5 161 93 3 470 T
6 36 159 50 483 T
7 29 135 1 563 T
8 0 14 5 709 T
XX

DE gemanalysis2018_2_m9 10.51 6 k7_c293
1 0 0 0 292 T
2 0 0 0 292 T
3 292 0 0 0 A
4 0 5 0 288 T
5 0 0 0 292 T
6 0 0 0 292 T
XX

